sample,class,cluster_0,cluster_1,cluster_2
SW_DR_2-10_20250419_raw_swir,DR,48.12126696832579,30.162895927601813,21.715837104072396
SW_DR_2-10_20250420_raw_swir,DR,43.842475980754436,33.54549705132653,22.612026967919036
SW_DR_2-10_20250421_raw_swir,DR,36.12986667173859,40.30659794206593,23.563535386195486
SW_DR_2-10_20250422_raw_swir,DR,17.748551911125197,47.484990932938956,34.76645715593584
SW_DR_2-10_20250423_raw_swir,DR,19.967234600262124,42.52457404980341,37.508191349934464
SW_DR_2-11_20250419_raw_swir,DR,49.983962566744026,30.55225373106168,19.4637837021943
SW_DR_2-11_20250420_raw_swir,DR,46.0794701986755,34.37842951750236,19.54210028382214
SW_DR_2-11_20250421_raw_swir,DR,47.830034178296785,32.82718598689832,19.342779834804897
SW_DR_2-11_20250422_raw_swir,DR,26.492730816687825,34.09810268056723,39.40916650274494
SW_DR_2-11_20250423_raw_swir,DR,38.213130455210795,28.46919782424056,33.31767172054864
SW_DR_2-12_20250419_raw_swir,DR,23.151279161116236,42.16278990333709,34.68593093554668
SW_DR_2-12_20250420_raw_swir,DR,31.889064067650853,36.452630070230754,31.65830586211839
SW_DR_2-12_20250421_raw_swir,DR,22.892288767586685,46.46267394479896,30.645037287614365
SW_DR_2-12_20250422_raw_swir,DR,14.098828001267025,43.86601203674375,42.03515996198923
SW_DR_2-12_20250423_raw_swir,DR,19.359372255079933,35.85377993792821,44.78684780699186
SW_DR_2-13_20250419_raw_swir,DR,40.119023189000615,44.19801417544081,15.682962635558573
SW_DR_2-13_20250420_raw_swir,DR,34.87137670010462,47.902947873715306,17.22567542618007
SW_DR_2-13_20250421_raw_swir,DR,34.05900457923579,46.148187073042564,19.792808347721643
SW_DR_2-13_20250422_raw_swir,DR,31.643120130148127,45.71966777977566,22.637212090076204
SW_DR_2-13_20250423_raw_swir,DR,38.06085846303502,38.483402237354085,23.455739299610894
SW_DR_2-14_20250419_raw_swir,DR,34.618522625049685,45.36515972469195,20.016317650258365
SW_DR_2-14_20250420_raw_swir,DR,31.6741363582279,42.11121246975766,26.214651172014435
SW_DR_2-14_20250421_raw_swir,DR,37.952783929136345,37.18562163872192,24.861594432141725
SW_DR_2-14_20250422_raw_swir,DR,22.352584814216478,45.78352180936995,31.86389337641357
SW_DR_2-14_20250423_raw_swir,DR,26.328085123090816,44.463858023479524,29.20805685342966
SW_DR_2-15_20250419_raw_swir,DR,35.575606944744614,39.258698940998485,25.165694114256898
SW_DR_2-15_20250420_raw_swir,DR,34.14498263092351,48.24342924559219,17.611588123484303
SW_DR_2-15_20250421_raw_swir,DR,41.41742963716514,40.41539504916921,18.16717531366565
SW_DR_2-15_20250422_raw_swir,DR,39.067028283611,36.2324680356451,24.7005036807439
SW_DR_2-15_20250423_raw_swir,DR,34.411096534732664,37.46520334047931,28.12370012478802
SW_DR_2-16_20250419_raw_swir,DR,44.12255257432923,40.64539521392313,15.232052211747643
SW_DR_2-16_20250420_raw_swir,DR,37.044859167800496,44.47129541254595,18.483845419653555
SW_DR_2-16_20250421_raw_swir,DR,45.31063485942005,37.419425926946175,17.269939213633776
SW_DR_2-16_20250422_raw_swir,DR,52.74183112261404,28.371077321255257,18.887091556130702
SW_DR_2-16_20250423_raw_swir,DR,38.10653244495945,37.221176129779835,24.672291425260717
SW_DR_2-17_20250419_raw_swir,DR,44.914211115255505,35.95300261096605,19.13278627377844
SW_DR_2-17_20250420_raw_swir,DR,36.025889307919684,42.856657493289845,21.11745319879047
SW_DR_2-17_20250421_raw_swir,DR,47.80059633488559,32.03457402258032,20.164829642534087
SW_DR_2-17_20250422_raw_swir,DR,41.042177863253535,37.396379070230125,21.561443066516347
SW_DR_2-17_20250423_raw_swir,DR,35.810768848590236,38.06048938020122,26.128741771208546
SW_DR_2-18_20250419_raw_swir,DR,35.33766939701224,43.71426964817904,20.94806095480872
SW_DR_2-18_20250420_raw_swir,DR,25.349614916903125,48.31272800972842,26.337657073368465
SW_DR_2-18_20250421_raw_swir,DR,31.947937263634792,45.4877042099403,22.56435852642491
SW_DR_2-18_20250422_raw_swir,DR,28.746966537922546,41.097856923129505,30.15517653894794
SW_DR_2-18_20250423_raw_swir,DR,32.92771280292165,39.85332603906377,27.218961158014576
SW_DR_2-19_20250419_raw_swir,DR,32.92463216895206,45.025522970673606,22.04984486037434
SW_DR_2-19_20250420_raw_swir,DR,28.170361296168885,50.45057139500931,21.379067308821803
SW_DR_2-19_20250421_raw_swir,DR,32.12843816035872,43.597849055955464,24.27371278368581
SW_DR_2-19_20250422_raw_swir,DR,33.848237202198185,34.1332451540775,32.018517643724316
SW_DR_2-19_20250423_raw_swir,DR,29.643730834166004,34.28143196774972,36.074837198084275
SW_DR_2-1_20250419_raw_swir,DR,43.0611018835919,36.69470261865215,20.244195497755946
SW_DR_2-1_20250420_raw_swir,DR,41.488445528922064,40.724128032151576,17.787426438926367
SW_DR_2-1_20250421_raw_swir,DR,53.13071297989032,31.72760511882998,15.141681901279707
SW_DR_2-1_20250422_raw_swir,DR,45.69805531367915,36.877168249229456,17.424776437091403
SW_DR_2-1_20250423_raw_swir,DR,51.704477611940305,32.55223880597015,15.743283582089552
SW_DR_2-20_20250419_raw_swir,DR,27.889954970006524,40.546088118764615,31.563956911228857
SW_DR_2-20_20250420_raw_swir,DR,21.23584277148568,45.69680818848041,33.06734904003392
SW_DR_2-20_20250421_raw_swir,DR,26.105477612631383,40.80041981139356,33.09410257597506
SW_DR_2-20_20250422_raw_swir,DR,23.782094667569083,39.68146537447979,36.53643995795113
SW_DR_2-20_20250423_raw_swir,DR,17.792256989165846,39.83029017349799,42.37745283733616
SW_DR_2-2_20250419_raw_swir,DR,19.284858422147945,44.78779088099893,35.927350696853125
SW_DR_2-2_20250420_raw_swir,DR,20.07133406201461,44.24006212966692,35.68860380831847
SW_DR_2-2_20250421_raw_swir,DR,23.851669739807416,40.659700880967016,35.488629379225564
SW_DR_2-2_20250422_raw_swir,DR,13.804515802573816,43.61537725140521,42.580106946020976
SW_DR_2-2_20250423_raw_swir,DR,22.20845685294161,39.37731368818489,38.4142294588735
SW_DR_2-3_20250419_raw_swir,DR,40.20520446096654,35.803717472118954,23.991078066914497
SW_DR_2-3_20250420_raw_swir,DR,33.45742278157661,42.042958832416936,24.49961838600645
SW_DR_2-3_20250421_raw_swir,DR,41.60594393356031,36.234766283768735,22.159289782670953
SW_DR_2-3_20250422_raw_swir,DR,20.747370900475246,37.64704252282709,41.605586576697654
SW_DR_2-3_20250423_raw_swir,DR,30.529938858794313,36.4654283515111,33.00463278969458
SW_DR_2-4_20250419_raw_swir,DR,23.949406534989233,45.602859630631045,30.447733834379726
SW_DR_2-4_20250420_raw_swir,DR,33.47434580286457,40.782317036320784,25.74333716081465
SW_DR_2-4_20250421_raw_swir,DR,29.423228551451224,47.559469792766926,23.017301655781846
SW_DR_2-4_20250422_raw_swir,DR,22.681777817913638,42.735660209810206,34.58256197227615
SW_DR_2-4_20250423_raw_swir,DR,21.22310210705991,35.316338808517784,43.46055908442231
SW_DR_2-5_20250419_raw_swir,DR,44.62269628610137,39.41205565471711,15.965248059181523
SW_DR_2-5_20250420_raw_swir,DR,60.12177872839549,25.525235450374307,14.352985821230208
SW_DR_2-5_20250421_raw_swir,DR,57.16923974145054,26.54343987428923,16.287320384260234
SW_DR_2-5_20250422_raw_swir,DR,34.711429241115695,36.316102626976544,28.972468131907757
SW_DR_2-5_20250423_raw_swir,DR,39.31364801883597,37.27200890193359,23.414343079230434
SW_DR_2-6_20250419_raw_swir,DR,37.98748532066675,40.918093702346944,21.09442097698631
SW_DR_2-6_20250420_raw_swir,DR,51.95020053475936,31.5975935828877,16.452205882352942
SW_DR_2-6_20250421_raw_swir,DR,48.09881139355864,33.92860605355516,17.972582552886198
SW_DR_2-6_20250422_raw_swir,DR,37.02788563360395,37.776208965760674,25.19590540063537
SW_DR_2-6_20250423_raw_swir,DR,24.36776311999539,43.64882769744801,31.9834091825566
SW_DR_2-7_20250419_raw_swir,DR,44.95903545490322,35.42985939680155,19.61110514829523
SW_DR_2-7_20250420_raw_swir,DR,50.25051680039242,34.58358151431275,15.16590168529484
SW_DR_2-7_20250421_raw_swir,DR,50.75310533694128,34.14729566719917,15.09959899585955
SW_DR_2-7_20250422_raw_swir,DR,32.436989549486256,35.63186089400193,31.931149556511812
SW_DR_2-7_20250423_raw_swir,DR,41.17685941672616,31.92141931731049,26.901721265963353
SW_DR_2-8_20250419_raw_swir,DR,32.12434150012543,39.43055439418012,28.44510410569446
SW_DR_2-8_20250420_raw_swir,DR,35.91385433615004,38.37890795850172,25.70723770534824
SW_DR_2-8_20250421_raw_swir,DR,39.48733076636442,34.987889703142464,25.52477953049311
SW_DR_2-8_20250422_raw_swir,DR,28.110315325533914,39.49995138866383,32.389733285802244
SW_DR_2-8_20250423_raw_swir,DR,14.318347602411027,40.31942258225516,45.36222981533382
SW_DR_2-9_20250419_raw_swir,DR,45.56028094593724,36.75655647915458,17.683162574908177
SW_DR_2-9_20250420_raw_swir,DR,39.8852201007901,43.180770392509096,16.934009506700793
SW_DR_2-9_20250421_raw_swir,DR,44.047174342280805,42.970987423733035,12.981838233986162
SW_DR_2-9_20250422_raw_swir,DR,37.65600821438385,38.546863927574584,23.797127858041563
SW_DR_2-9_20250423_raw_swir,DR,37.04888913950604,37.61418743656254,25.336923423931427
SW_MD_2-10_20250414_raw_swir,MD,29.986299394289013,37.97411306605134,32.03958753965965
SW_MD_2-10_20250415_raw_swir,MD,35.818392880175416,36.94790956496103,27.233697554863557
SW_MD_2-10_20250416_raw_swir,MD,32.80677009873061,38.73866612935724,28.45456377191215
SW_MD_2-10_20250417_raw_swir,MD,51.24916499665999,32.787797817857935,15.963037185482076
SW_MD_2-10_20250418_raw_swir,MD,46.41395361279795,38.20925068885263,15.37679569834943
SW_MD_2-11_20250414_raw_swir,MD,27.809316432070926,53.38154859112942,18.809134976799648
SW_MD_2-11_20250415_raw_swir,MD,38.491870098799346,48.22116875636879,13.286961144831864
SW_MD_2-11_20250416_raw_swir,MD,39.401172133471974,45.37763493713962,15.22119292938841
SW_MD_2-11_20250417_raw_swir,MD,46.14505297107514,40.54991936965441,13.305027659270449
SW_MD_2-11_20250418_raw_swir,MD,36.46343523053538,42.05159601418679,21.484968755277826
SW_MD_2-12_20250414_raw_swir,MD,32.00208822761681,44.3207666778536,23.67714509452959
SW_MD_2-12_20250415_raw_swir,MD,23.345044378698223,49.33616863905325,27.318786982248522
SW_MD_2-12_20250416_raw_swir,MD,20.68411587016116,55.20944282446614,24.1064413053727
SW_MD_2-12_20250417_raw_swir,MD,31.752904283372533,44.78298054308317,23.464115173544293
SW_MD_2-12_20250418_raw_swir,MD,24.357960077896788,49.625730282375855,26.016309639727357
SW_MD_2-13_20250414_raw_swir,MD,31.301548984107825,49.1933212633273,19.505129752564876
SW_MD_2-13_20250415_raw_swir,MD,42.937215513674154,47.415641575442955,9.647142910882895
SW_MD_2-13_20250416_raw_swir,MD,38.608934298846016,44.16228548755084,17.228780213603148
SW_MD_2-13_20250417_raw_swir,MD,47.267747294688164,37.929744211455855,14.802508493855987
SW_MD_2-13_20250418_raw_swir,MD,43.952748194393436,43.55184233076264,12.495409474843921
SW_MD_2-14_20250414_raw_swir,MD,32.04602928780067,47.309403854070695,20.644566858128638
SW_MD_2-14_20250415_raw_swir,MD,37.61961372805052,43.468262166007285,18.912124105942198
SW_MD_2-14_20250416_raw_swir,MD,35.513296873043046,41.424873711017405,23.061829415939545
SW_MD_2-14_20250417_raw_swir,MD,46.378554683518495,36.64662113953725,16.974824176944246
SW_MD_2-14_20250418_raw_swir,MD,47.305732624567135,35.101572666916645,17.592694708516223
SW_MD_2-15_20250414_raw_swir,MD,26.759455577593872,53.02133916968743,20.21920525271869
SW_MD_2-15_20250415_raw_swir,MD,44.60636088746403,39.47684797260374,15.916791139932238
SW_MD_2-15_20250416_raw_swir,MD,37.96396364473894,39.652392679340224,22.38364367592084
SW_MD_2-15_20250417_raw_swir,MD,43.13641580268047,36.20961310276411,20.65397109455543
SW_MD_2-15_20250418_raw_swir,MD,47.363945578231295,34.048313202832155,18.587741218936554
SW_MD_2-16_20250414_raw_swir,MD,30.109031389424217,46.416220069167615,23.474748541408168
SW_MD_2-16_20250415_raw_swir,MD,38.67768595041322,43.573396300669025,17.74891774891775
SW_MD_2-16_20250416_raw_swir,MD,31.02464763625128,43.034725358305806,25.940627005442924
SW_MD_2-16_20250417_raw_swir,MD,38.4323548724434,40.50682166395097,21.060823463605633
SW_MD_2-16_20250418_raw_swir,MD,47.795567473775534,36.091174382837764,16.1132581433867
SW_MD_2-17_20250414_raw_swir,MD,32.48578185158403,50.59120136025172,16.923016788164247
SW_MD_2-17_20250415_raw_swir,MD,55.61608811092537,40.151440652964894,4.232471236109745
SW_MD_2-17_20250416_raw_swir,MD,38.155726172770024,46.16915222896652,15.675121598263456
SW_MD_2-17_20250417_raw_swir,MD,46.41954022988506,40.90421455938697,12.676245210727968
SW_MD_2-17_20250418_raw_swir,MD,43.52130782662087,40.73143120287047,15.747260970508664
SW_MD_2-18_20250414_raw_swir,MD,32.932631042392316,44.790162263189195,22.277206694418485
SW_MD_2-18_20250415_raw_swir,MD,31.012698615276623,49.67774870780423,19.30955267691915
SW_MD_2-18_20250416_raw_swir,MD,29.65529782591126,48.00169724399903,22.34300493008971
SW_MD_2-18_20250417_raw_swir,MD,47.141806512001075,40.62980544226784,12.228388045731096
SW_MD_2-18_20250418_raw_swir,MD,36.00956104430321,47.634753284292835,16.355685671403954
SW_MD_2-19_20250414_raw_swir,MD,27.78520228404811,51.71303608310047,20.501761632851416
SW_MD_2-19_20250415_raw_swir,MD,38.41735434337246,50.18476325413085,11.397882402496698
SW_MD_2-19_20250416_raw_swir,MD,25.506693664117634,52.367846822229644,22.125459513652714
SW_MD_2-19_20250417_raw_swir,MD,32.29155081006933,50.960219478738,16.748229711192675
SW_MD_2-19_20250418_raw_swir,MD,35.82511088983434,42.90214537883588,21.272743731329776
SW_MD_2-1_20250414_raw_swir,MD,41.08851017042331,41.38720908924318,17.524280740333516
SW_MD_2-1_20250415_raw_swir,MD,46.13712258244051,42.05336023375539,11.809517183804092
SW_MD_2-1_20250416_raw_swir,MD,41.23048668503214,38.32319767139664,20.446315643571218
SW_MD_2-1_20250417_raw_swir,MD,30.22045315370484,50.77086560282411,19.008681243471056
SW_MD_2-1_20250418_raw_swir,MD,47.22387615361715,36.037511164036914,16.738612682345934
SW_MD_2-20_20250414_raw_swir,MD,22.210760196794162,48.17687668624028,29.61236311696556
SW_MD_2-20_20250415_raw_swir,MD,22.18622341174813,49.522065482059844,28.291711106192018
SW_MD_2-20_20250416_raw_swir,MD,23.289770166741775,45.4763406940063,31.233889139251914
SW_MD_2-20_20250417_raw_swir,MD,22.143696339810212,52.17171260732037,25.68459105286941
SW_MD_2-20_20250418_raw_swir,MD,24.884898333688334,45.0608687103698,30.054232955941867
SW_MD_2-2_20250414_raw_swir,MD,26.088872678641987,39.32251299352603,34.588614327831976
SW_MD_2-2_20250415_raw_swir,MD,24.076648632351215,49.24205624696404,26.681295120684744
SW_MD_2-2_20250416_raw_swir,MD,21.444691697047173,50.196486908763795,28.358821394189036
SW_MD_2-2_20250417_raw_swir,MD,26.16255961844197,51.67428457869634,22.163155802861688
SW_MD_2-2_20250418_raw_swir,MD,25.95267453467207,48.59520873700898,25.452116728318945
SW_MD_2-3_20250414_raw_swir,MD,25.15287634002718,52.62532085157784,22.221802808394987
SW_MD_2-3_20250415_raw_swir,MD,36.645712295878155,49.20367281857669,14.15061488554515
SW_MD_2-3_20250416_raw_swir,MD,32.41545632885193,50.58762125875133,16.99692241239674
SW_MD_2-3_20250417_raw_swir,MD,33.157502038833265,48.94414464437542,17.89835331679131
SW_MD_2-3_20250418_raw_swir,MD,38.30294239535847,37.45683105401299,24.24022655062854
SW_MD_2-4_20250414_raw_swir,MD,22.790427123151073,51.266411833139436,25.94316104370949
SW_MD_2-4_20250415_raw_swir,MD,24.793844729014907,43.97385434662582,31.23230092435927
SW_MD_2-4_20250416_raw_swir,MD,20.780901383311022,43.42406663691804,35.79503197977093
SW_MD_2-4_20250417_raw_swir,MD,15.685334793920308,49.18697795426537,35.12768725181432
SW_MD_2-4_20250418_raw_swir,MD,23.437167155521326,39.57428679109247,36.98854605338621
SW_MD_2-5_20250414_raw_swir,MD,43.11210556916084,40.61206152328265,16.275832907556513
SW_MD_2-5_20250415_raw_swir,MD,46.26599473236691,44.20664053588834,9.527364731744747
SW_MD_2-5_20250416_raw_swir,MD,53.6644428763872,30.914426839438065,15.421130284174739
SW_MD_2-5_20250417_raw_swir,MD,53.97348364560178,30.753810733566212,15.272705620832012
SW_MD_2-5_20250418_raw_swir,MD,54.47888564664428,32.311108664134046,13.210005689221676
SW_MD_2-6_20250414_raw_swir,MD,31.488798790544255,44.13310885101704,24.378092358438703
SW_MD_2-6_20250415_raw_swir,MD,30.531609195402297,47.98132183908046,21.487068965517242
SW_MD_2-6_20250416_raw_swir,MD,39.76709661248964,35.15337305030173,25.079530337208627
SW_MD_2-6_20250417_raw_swir,MD,45.607242957675474,35.72681628455629,18.665940757768233
SW_MD_2-6_20250418_raw_swir,MD,46.699357903069746,37.87712199841675,15.423520098513501
SW_MD_2-7_20250414_raw_swir,MD,27.991792561002594,50.42747078111485,21.58073665788256
SW_MD_2-7_20250415_raw_swir,MD,42.90740171465656,40.77945144652799,16.313146838815452
SW_MD_2-7_20250416_raw_swir,MD,41.60084064062613,39.68222334951808,18.716936009855786
SW_MD_2-7_20250417_raw_swir,MD,47.11526545930922,36.91291801653478,15.971816524156
SW_MD_2-7_20250418_raw_swir,MD,42.76528561860109,39.031671610372214,18.203042771026695
SW_MD_2-8_20250414_raw_swir,MD,35.15010688725718,38.38460823496607,26.465284877776746
SW_MD_2-8_20250415_raw_swir,MD,33.5074832747086,39.72515345885923,26.76736326643217
SW_MD_2-8_20250416_raw_swir,MD,33.250492758591136,40.67529351272602,26.07421372868283
SW_MD_2-8_20250417_raw_swir,MD,39.19370875892615,34.85492181144355,25.9513694296303
SW_MD_2-8_20250418_raw_swir,MD,41.34930714840862,34.05872651792315,24.59196633366823
SW_MD_2-9_20250414_raw_swir,MD,31.46798396868301,50.01211669307485,18.519899338242148
SW_MD_2-9_20250415_raw_swir,MD,52.04818848316606,40.79293899921703,7.158872517616913
SW_MD_2-9_20250416_raw_swir,MD,43.0481232863761,41.259336295736034,15.692540417887871
SW_MD_2-9_20250417_raw_swir,MD,43.83156310397318,41.859510493098675,14.308926402928149
SW_MD_2-9_20250418_raw_swir,MD,47.171410058316305,39.98571167489076,12.842878266792933
SW_MD_3-10_20250414_raw_swir,MD,31.06244756598619,41.796631316281974,27.140921117731835
SW_MD_3-10_20250415_raw_swir,MD,39.5464927792514,41.44193928676687,19.011567933981727
SW_MD_3-10_20250416_raw_swir,MD,45.0545348981877,34.78414133454983,20.161323767262473
SW_MD_3-10_20250417_raw_swir,MD,41.454037049982524,31.468455085634396,27.077507864383083
SW_MD_3-10_20250418_raw_swir,MD,47.47846951454647,32.46283045546082,20.058700029992714
SW_MD_3-11_20250414_raw_swir,MD,27.795168625598016,47.69751737444136,24.507313999960626
SW_MD_3-11_20250415_raw_swir,MD,34.40262423584042,43.15078705774597,22.446588706413614
SW_MD_3-11_20250416_raw_swir,MD,46.804496345726086,33.61137591356847,19.584127740705433
SW_MD_3-11_20250417_raw_swir,MD,44.08237365216753,36.2521088535172,19.665517494315267
SW_MD_3-11_20250418_raw_swir,MD,32.14729832724939,37.576717878775725,30.275983793974888
SW_MD_3-12_20250414_raw_swir,MD,33.93141172362959,34.63358808239904,31.43500019397137
SW_MD_3-12_20250415_raw_swir,MD,33.07473280237692,35.86844385754962,31.056823340073453
SW_MD_3-12_20250416_raw_swir,MD,38.80942005645971,34.205490612152104,26.98508933138819
SW_MD_3-12_20250417_raw_swir,MD,27.889613647767185,38.067235323632715,34.0431510286001
SW_MD_3-12_20250418_raw_swir,MD,42.05450178709885,34.45791334934473,23.48758486355642
SW_MD_3-13_20250414_raw_swir,MD,27.719461216906645,55.325592196934515,16.954946586158847
SW_MD_3-13_20250415_raw_swir,MD,48.312505618987686,46.66007372111841,5.027420659893914
SW_MD_3-13_20250416_raw_swir,MD,30.913303385094267,53.777722754766366,15.308973860139366
SW_MD_3-13_20250417_raw_swir,MD,43.4767906547802,44.203811865969875,12.319397479249924
SW_MD_3-13_20250418_raw_swir,MD,41.846036532529205,44.82513604381131,13.328827423659492
SW_MD_3-14_20250414_raw_swir,MD,33.296392313629255,49.72986879341394,16.9737388929568
SW_MD_3-14_20250415_raw_swir,MD,31.159635277596472,53.27439229415138,15.565972428252142
SW_MD_3-14_20250416_raw_swir,MD,34.47947674300873,49.75598890306381,15.764534353927464
SW_MD_3-14_20250417_raw_swir,MD,25.819101078864605,49.40682352004459,24.77407540109081
SW_MD_3-14_20250418_raw_swir,MD,35.71350404902604,45.949150069307656,18.3373458816663
SW_MD_3-15_20250414_raw_swir,MD,25.169476794715802,44.22562141491396,30.604901790370242
SW_MD_3-15_20250415_raw_swir,MD,34.111551645157725,42.97471053753929,22.913737817302984
SW_MD_3-15_20250416_raw_swir,MD,35.429564793070845,38.59831040897862,25.97212479795053
SW_MD_3-15_20250417_raw_swir,MD,29.241134976117422,43.99297757251763,26.765887451364947
SW_MD_3-15_20250418_raw_swir,MD,43.823240927159155,33.13372223082615,23.043036842014693
SW_MD_3-16_20250414_raw_swir,MD,21.98231464386357,49.50344961616947,28.51423573996696
SW_MD_3-16_20250415_raw_swir,MD,26.88640835991043,43.099002510687384,30.014589129402186
SW_MD_3-16_20250416_raw_swir,MD,21.797702770406932,43.24098643558293,34.96131079401013
SW_MD_3-16_20250417_raw_swir,MD,23.52169947556434,37.90377745686707,38.57452306756859
SW_MD_3-16_20250418_raw_swir,MD,33.30129232083734,36.956103812880485,29.742603866282174
SW_MD_3-17_20250414_raw_swir,MD,26.035616019565882,48.230663405686336,25.73372057474778
SW_MD_3-17_20250415_raw_swir,MD,40.45387071191817,53.793440022774874,5.752689265306953
SW_MD_3-17_20250416_raw_swir,MD,29.339928298920647,55.22708537029581,15.432986330783535
SW_MD_3-17_20250417_raw_swir,MD,40.737235283181505,47.17325536194162,12.089509354876874
SW_MD_3-17_20250418_raw_swir,MD,24.696936487329502,54.089460639678975,21.21360287299152
SW_MD_3-18_20250414_raw_swir,MD,23.909404044874634,46.41214616968461,29.67844978544076
SW_MD_3-18_20250415_raw_swir,MD,28.54128874516918,51.44727502168941,20.011436233141414
SW_MD_3-18_20250416_raw_swir,MD,26.43918087537353,52.25874494638777,21.302074178238705
SW_MD_3-18_20250417_raw_swir,MD,31.566927468809475,44.69655318249101,23.736519348699513
SW_MD_3-18_20250418_raw_swir,MD,33.48594347118695,45.98168678345756,20.53236974535548
SW_MD_3-19_20250414_raw_swir,MD,25.54383894992995,47.213823955952115,27.242337094117936
SW_MD_3-19_20250415_raw_swir,MD,37.85138166372357,44.76447286784709,17.38414546842934
SW_MD_3-19_20250416_raw_swir,MD,34.760693533708256,49.81214850768907,15.427157958602663
SW_MD_3-19_20250417_raw_swir,MD,37.11494563216416,48.57514543089271,14.309908936943128
SW_MD_3-19_20250418_raw_swir,MD,39.98095238095238,40.264550264550266,19.754497354497357
SW_MD_3-1_20250414_raw_swir,MD,20.903598006417695,55.37482078241278,23.721581211169525
SW_MD_3-1_20250415_raw_swir,MD,30.925562748398967,56.29913743730367,12.775299814297366
SW_MD_3-1_20250416_raw_swir,MD,38.13200822878336,43.6791933474343,18.188798423782345
SW_MD_3-1_20250417_raw_swir,MD,32.47220572010524,46.18857676313333,21.339217516761437
SW_MD_3-1_20250418_raw_swir,MD,27.52548342307562,46.244369941413524,26.230146635510852
SW_MD_3-20_20250414_raw_swir,MD,19.230608666611005,48.79769558320113,31.971695750187862
SW_MD_3-20_20250415_raw_swir,MD,24.829860083696158,44.84085048822759,30.329289428076255
SW_MD_3-20_20250416_raw_swir,MD,18.727765705824666,48.824106301559524,32.44812799261581
SW_MD_3-20_20250417_raw_swir,MD,18.02280358938362,42.30426286733319,39.672933543283186
SW_MD_3-20_20250418_raw_swir,MD,28.38037171796637,49.763988592781985,21.855639689251646
SW_MD_3-2_20250414_raw_swir,MD,29.979046016268214,41.18035275289149,28.840601230840303
SW_MD_3-2_20250415_raw_swir,MD,24.48491810568443,45.210479507892984,30.30460238642259
SW_MD_3-2_20250416_raw_swir,MD,29.968138707765263,42.4459098992294,27.585951393005338
SW_MD_3-2_20250417_raw_swir,MD,25.300253128197763,39.36592284078057,35.33382403102167
SW_MD_3-2_20250418_raw_swir,MD,25.148486396730107,45.71305402988887,29.13845957338102
SW_MD_3-3_20250414_raw_swir,MD,15.021946891635277,48.67540391619712,36.30264919216761
SW_MD_3-3_20250415_raw_swir,MD,24.92906163389204,46.81932163125248,28.251616734855485
SW_MD_3-3_20250416_raw_swir,MD,27.496149467622043,48.585347887229624,23.91850264514833
SW_MD_3-3_20250417_raw_swir,MD,21.081734923103507,44.84908703415702,34.06917804273947
SW_MD_3-3_20250418_raw_swir,MD,16.94259969444704,48.517444579552894,34.53995572600006
SW_MD_3-4_20250414_raw_swir,MD,18.39866203357906,48.78706199460917,32.814275971811774
SW_MD_3-4_20250415_raw_swir,MD,19.73526291071646,49.70691064688386,30.557826442399683
SW_MD_3-4_20250416_raw_swir,MD,18.61482421049208,47.45828861352327,33.926887175984646
SW_MD_3-4_20250417_raw_swir,MD,14.938079324996597,37.138796062480154,47.923124612523246
SW_MD_3-4_20250418_raw_swir,MD,22.850467289719624,51.01899306602351,26.130539644256856
SW_MD_3-5_20250414_raw_swir,MD,33.073661786512396,39.667091330590424,27.25924688289718
SW_MD_3-5_20250415_raw_swir,MD,52.949557623807884,32.933471216821786,14.116971159370332
SW_MD_3-5_20250416_raw_swir,MD,48.94358021824936,27.585115140257933,23.471304641492708
SW_MD_3-5_20250417_raw_swir,MD,41.58968551959791,38.34157776585811,20.068736714543974
SW_MD_3-5_20250418_raw_swir,MD,54.78249504432875,24.251203520160324,20.966301435510925
SW_MD_3-6_20250414_raw_swir,MD,23.675584610595322,45.589554835283565,30.734860554121113
SW_MD_3-6_20250415_raw_swir,MD,30.59897297499906,44.61186701150718,24.789160013493756
SW_MD_3-6_20250416_raw_swir,MD,35.2595425253169,38.407336590892996,26.3331208837901
SW_MD_3-6_20250417_raw_swir,MD,33.56138419047963,41.634023503077785,24.80459230644259
SW_MD_3-6_20250418_raw_swir,MD,45.827688973178,31.45489027363858,22.717420753183422
SW_MD_3-7_20250414_raw_swir,MD,36.39607814865547,37.55677312378343,26.047148727561098
SW_MD_3-7_20250415_raw_swir,MD,40.26793242357056,41.987009337039005,17.74505823939044
SW_MD_3-7_20250416_raw_swir,MD,37.16075504389984,42.058877430318375,20.780367525781784
SW_MD_3-7_20250417_raw_swir,MD,39.45090688571586,35.793961445871695,24.755131668412446
SW_MD_3-7_20250418_raw_swir,MD,48.27376453890251,34.677701793515325,17.048533667582163
SW_MD_3-8_20250414_raw_swir,MD,29.33398714558414,46.7890229593177,23.87698989509816
SW_MD_3-8_20250415_raw_swir,MD,26.576343702647293,49.93671450218379,23.48694179516891
SW_MD_3-8_20250416_raw_swir,MD,25.637892618414433,45.45568892402789,28.90641845755768
SW_MD_3-8_20250417_raw_swir,MD,21.58182507172889,42.172979410650164,36.24519551762095
SW_MD_3-8_20250418_raw_swir,MD,38.023737045524506,36.47433047166262,25.501932482812872
SW_MD_3-9_20250414_raw_swir,MD,27.563563234901807,53.5388151279473,18.89762163715089
SW_MD_3-9_20250415_raw_swir,MD,49.30134971448347,39.90526042567918,10.793389859837342
SW_MD_3-9_20250416_raw_swir,MD,54.45090871647016,32.509567694657534,13.039523588872298
SW_MD_3-9_20250417_raw_swir,MD,48.63697855858861,36.924816070865994,14.438205370545393
SW_MD_3-9_20250418_raw_swir,MD,38.10916374561843,40.94341512268402,20.947421131697546
SW_SD_3-10_20250419_raw_swir,SD,46.21959053710583,37.30134346283831,16.479066000055862
SW_SD_3-10_20250420_raw_swir,SD,53.98116438356164,29.973779965753423,16.04505565068493
SW_SD_3-10_20250421_raw_swir,SD,52.64206401045068,37.51469627694318,9.84323971260614
SW_SD_3-10_20250422_raw_swir,SD,43.45155213367188,46.404291915799824,10.144155950528297
SW_SD_3-10_20250423_raw_swir,SD,56.08465608465608,37.012766370564535,6.90257754477938
SW_SD_3-11_20250419_raw_swir,SD,52.034421688388356,28.53639707551882,19.42918123609282
SW_SD_3-11_20250420_raw_swir,SD,45.20994700366898,36.65154912352222,18.138503872808805
SW_SD_3-11_20250421_raw_swir,SD,53.72874629872707,36.634207393388074,9.637046307884855
SW_SD_3-11_20250422_raw_swir,SD,42.72821362036846,44.55806251293728,12.713723866694265
SW_SD_3-11_20250423_raw_swir,SD,45.21999707645081,47.10568630317205,7.674316620377137
SW_SD_3-12_20250419_raw_swir,SD,51.46952181887984,32.6686004350979,15.861877746022266
SW_SD_3-12_20250420_raw_swir,SD,43.71547130895966,36.90917573108749,19.375352959952856
SW_SD_3-12_20250421_raw_swir,SD,41.76648239148239,43.35841523341523,14.875102375102376
SW_SD_3-12_20250422_raw_swir,SD,39.65529832761265,39.728328342948956,20.6163733294384
SW_SD_3-12_20250423_raw_swir,SD,41.66968489677653,45.69721115537849,12.633103947844985
SW_SD_3-13_20250419_raw_swir,SD,43.620824488883926,42.14426693479314,14.234908576322944
SW_SD_3-13_20250420_raw_swir,SD,43.32346890901873,44.214876033057855,12.461655057923418
SW_SD_3-13_20250421_raw_swir,SD,51.05406795079698,41.23521733971443,7.710714709488589
SW_SD_3-13_20250422_raw_swir,SD,36.58074850735401,53.23285277413717,10.18639871850881
SW_SD_3-13_20250423_raw_swir,SD,33.16925494546127,55.72425586984655,11.10648918469218
SW_SD_3-14_20250419_raw_swir,SD,29.656390813267958,47.92067808722235,22.422931099509697
SW_SD_3-14_20250420_raw_swir,SD,36.57412632133318,46.64635293232517,16.779520746341646
SW_SD_3-14_20250421_raw_swir,SD,39.87571452290031,49.97509546737506,10.149190009724627
SW_SD_3-14_20250422_raw_swir,SD,44.04408901668314,44.07703597208494,11.878875011231917
SW_SD_3-14_20250423_raw_swir,SD,33.76977125700313,51.80920543535456,14.421023307642306
SW_SD_3-15_20250419_raw_swir,SD,36.47740605112526,45.42610303267323,18.096490916201518
SW_SD_3-15_20250420_raw_swir,SD,48.20562365396614,38.13175532878449,13.66262101724936
SW_SD_3-15_20250421_raw_swir,SD,49.62006915842566,42.09193225117283,8.287998590401516
SW_SD_3-15_20250422_raw_swir,SD,34.33758108766442,48.098766698289786,17.563652214045796
SW_SD_3-15_20250423_raw_swir,SD,35.46620358001603,46.23519458544839,18.298601834535578
SW_SD_3-16_20250419_raw_swir,SD,39.484670580560994,43.06153511632964,17.453794303109373
SW_SD_3-16_20250420_raw_swir,SD,33.71919241324964,43.00970082334719,23.271106763403168
SW_SD_3-16_20250421_raw_swir,SD,42.567694093854165,43.64256020373769,13.78974570240815
SW_SD_3-16_20250422_raw_swir,SD,34.77969134421829,47.80138671438157,17.418921941400136
SW_SD_3-16_20250423_raw_swir,SD,42.684098185699035,41.76627534685166,15.549626467449308
SW_SD_3-17_20250419_raw_swir,SD,31.980705918382974,44.38978638695353,23.629507694663502
SW_SD_3-17_20250420_raw_swir,SD,27.482890466857306,44.44783600552646,28.069273527616232
SW_SD_3-17_20250421_raw_swir,SD,27.763864660874972,46.04915456225496,26.186980776870065
SW_SD_3-17_20250422_raw_swir,SD,35.68192325473879,35.33364154723378,28.98443519802743
SW_SD_3-17_20250423_raw_swir,SD,32.7563728685628,37.60764401139054,29.63598312004666
SW_SD_3-18_20250419_raw_swir,SD,27.798973005299953,48.88536016992844,23.315666824771608
SW_SD_3-18_20250420_raw_swir,SD,34.22656822610343,43.037952054916964,22.735479718979605
SW_SD_3-18_20250421_raw_swir,SD,46.189630544724544,34.310697602594296,19.499671852681157
SW_SD_3-18_20250422_raw_swir,SD,53.79077011944794,30.24157778557135,15.96765209498071
SW_SD_3-18_20250423_raw_swir,SD,38.93672430377965,42.268258921239706,18.795016774980645
SW_SD_3-19_20250419_raw_swir,SD,36.72200460113163,40.17285332338494,23.10514207548343
SW_SD_3-19_20250420_raw_swir,SD,30.793133746222917,43.7948695968969,25.41199665688018
SW_SD_3-19_20250421_raw_swir,SD,38.72390768181909,35.38729923201861,25.8887930861623
SW_SD_3-19_20250422_raw_swir,SD,34.325670728047534,36.586439389392396,29.08788988256007
SW_SD_3-19_20250423_raw_swir,SD,37.87605686146985,33.4925206726749,28.631422465855245
SW_SD_3-1_20250419_raw_swir,SD,30.00798344656793,42.20962249702657,27.782394056405497
SW_SD_3-1_20250420_raw_swir,SD,29.560237556561088,45.65716911764706,24.782593325791854
SW_SD_3-1_20250421_raw_swir,SD,45.754950024702616,34.539961235891006,19.705088739406378
SW_SD_3-1_20250422_raw_swir,SD,59.10989793496321,31.312603845240922,9.57749821979587
SW_SD_3-1_20250423_raw_swir,SD,48.55336737174812,43.27741308047654,8.169219547775347
SW_SD_3-20_20250419_raw_swir,SD,25.42893234621596,42.89163561937351,31.679432034410524
SW_SD_3-20_20250420_raw_swir,SD,34.270177796786214,39.19064784831266,26.539174354901125
SW_SD_3-20_20250421_raw_swir,SD,30.14586709886548,37.43314424635332,32.420988654781205
SW_SD_3-20_20250422_raw_swir,SD,33.8795033584368,40.014247913698355,26.106248727864852
SW_SD_3-20_20250423_raw_swir,SD,31.58414508237195,45.318041028863846,23.097813888764197
SW_SD_3-2_20250419_raw_swir,SD,18.345546205888414,44.26619689274537,37.38825690136622
SW_SD_3-2_20250420_raw_swir,SD,33.51431577365297,35.637258585706775,30.848425640640265
SW_SD_3-2_20250421_raw_swir,SD,38.19308545335943,37.65288649706458,24.154028049575995
SW_SD_3-2_20250422_raw_swir,SD,49.6266839798734,29.63534058323865,20.73797543688795
SW_SD_3-2_20250423_raw_swir,SD,47.25306370588424,39.228234089527405,13.51870220458836
SW_SD_3-3_20250419_raw_swir,SD,24.386108335604202,50.37393647621643,25.23995518817937
SW_SD_3-3_20250420_raw_swir,SD,31.14862149344908,44.866168314444174,23.98521019210674
SW_SD_3-3_20250421_raw_swir,SD,33.27610714219785,46.05969983939746,20.66419301840468
SW_SD_3-3_20250422_raw_swir,SD,47.30552998099865,43.285862602597504,9.408607416403846
SW_SD_3-3_20250423_raw_swir,SD,40.83684412102643,46.75411719647645,12.409038682497126
SW_SD_3-4_20250419_raw_swir,SD,20.97834828820589,36.94825982054153,42.073391891252584
SW_SD_3-4_20250420_raw_swir,SD,22.86386642511626,43.60047064975814,33.5356629251256
SW_SD_3-4_20250421_raw_swir,SD,32.21813257404771,43.600472238619396,24.181395187332893
SW_SD_3-4_20250422_raw_swir,SD,31.536901935640387,52.13752231098481,16.325575753374807
SW_SD_3-4_20250423_raw_swir,SD,33.054755043227665,48.89965941839141,18.045585538380926
SW_SD_3-5_20250419_raw_swir,SD,44.357058592213924,45.95949665749115,9.683444750294926
SW_SD_3-5_20250420_raw_swir,SD,45.67841622404635,45.77498792853694,8.546595847416707
SW_SD_3-5_20250421_raw_swir,SD,58.359448448762144,37.809464117831396,3.8310874334064557
SW_SD_3-5_20250422_raw_swir,SD,55.77631640315283,36.877944125740406,7.345739471106757
SW_SD_3-5_20250423_raw_swir,SD,48.94637223974763,45.23659305993691,5.817034700315457
SW_SD_3-6_20250419_raw_swir,SD,41.380525774709945,42.1941547951241,16.425319430165956
SW_SD_3-6_20250420_raw_swir,SD,49.49644962175709,40.57409384137003,9.929456536872882
SW_SD_3-6_20250421_raw_swir,SD,63.34661354581673,27.814324098953026,8.839062355230242
SW_SD_3-6_20250422_raw_swir,SD,49.58830604126191,32.49606809140531,17.91562586733278
SW_SD_3-6_20250423_raw_swir,SD,46.38854006790382,31.95665317892191,21.65480675317427
SW_SD_3-7_20250419_raw_swir,SD,52.84975161296972,34.12281244202585,13.02743594500443
SW_SD_3-7_20250420_raw_swir,SD,48.00796346176367,41.552875043916146,10.439161494320178
SW_SD_3-7_20250421_raw_swir,SD,50.43682025419628,40.77073941061104,8.792440335192685
SW_SD_3-7_20250422_raw_swir,SD,44.81054365733114,44.233937397034595,10.955518945634267
SW_SD_3-7_20250423_raw_swir,SD,44.62103903844243,46.59282805205125,8.786132909506309
SW_SD_3-8_20250419_raw_swir,SD,30.400669526101055,45.205216724204064,24.394113749694878
SW_SD_3-8_20250420_raw_swir,SD,27.91365254334596,45.12381827228538,26.962529184368663
SW_SD_3-8_20250421_raw_swir,SD,32.836782182331916,45.05526468877254,22.107953128895538
SW_SD_3-8_20250422_raw_swir,SD,33.95949681277148,46.5955886500818,19.444914537146726
SW_SD_3-8_20250423_raw_swir,SD,35.74784651527017,45.34064212999217,18.911511354737666
SW_SD_3-9_20250419_raw_swir,SD,54.88021930811563,29.960516356048362,15.15926433583601
SW_SD_3-9_20250420_raw_swir,SD,57.483255530748934,27.759285569311952,14.75745889993911
SW_SD_3-9_20250421_raw_swir,SD,57.88553747313225,33.26404799584288,8.850414531024873
SW_SD_3-9_20250422_raw_swir,SD,56.670679654153446,35.57787019809566,7.751450147750903
SW_SD_3-9_20250423_raw_swir,SD,47.4679270762998,43.18365968939906,9.348413234301148
SW_WW_1-10_20250414_raw_swir,WW,18.442352016294734,47.2690239239579,34.288624059747356
SW_WW_1-10_20250415_raw_swir,WW,27.93608326766964,48.72001612578109,23.343900606549266
SW_WW_1-10_20250416_raw_swir,WW,28.601334554494308,44.794256182127434,26.604409263378255
SW_WW_1-10_20250417_raw_swir,WW,26.92099046285764,50.163618864292594,22.915390672849767
SW_WW_1-10_20250418_raw_swir,WW,33.948457350272236,45.19927404718693,20.852268602540835
SW_WW_1-10_20250419_raw_swir,WW,26.53481991340618,45.97402185463023,27.491158231963585
SW_WW_1-10_20250420_raw_swir,WW,20.372469139584034,48.73342114129935,30.894109719116614
SW_WW_1-10_20250421_raw_swir,WW,20.61893707626793,52.462065890817414,26.91899703291466
SW_WW_1-10_20250422_raw_swir,WW,10.81267217630854,46.37770353437665,42.80962428931481
SW_WW_1-10_20250423_raw_swir,WW,9.934149167679394,48.78755334482661,41.278297487493994
SW_WW_1-11_20250414_raw_swir,WW,22.37906554399868,49.524517087667164,28.09641736833416
SW_WW_1-11_20250415_raw_swir,WW,44.5361183637946,37.32463011314186,18.139251523063535
SW_WW_1-11_20250416_raw_swir,WW,27.527509809127654,49.0338378027554,23.438652388116942
SW_WW_1-11_20250417_raw_swir,WW,30.317659255133144,46.835012146250136,22.84732859861672
SW_WW_1-11_20250418_raw_swir,WW,23.49756280464942,47.64154480689914,28.860892388451443
SW_WW_1-11_20250419_raw_swir,WW,19.46112212002011,42.75827393451836,37.780603945461536
SW_WW_1-11_20250420_raw_swir,WW,18.201918192954675,43.110042128536854,38.68803967850847
SW_WW_1-11_20250421_raw_swir,WW,20.169808116827983,45.93818984547461,33.8920020376974
SW_WW_1-11_20250422_raw_swir,WW,12.327025855842843,43.02036689296548,44.652607251191675
SW_WW_1-11_20250423_raw_swir,WW,15.644533811251476,41.606562632046746,42.748903556701784
SW_WW_1-12_20250414_raw_swir,WW,29.591953366098984,42.3232042845713,28.08484234932972
SW_WW_1-12_20250415_raw_swir,WW,21.411042944785276,50.253919563735515,28.33503749147921
SW_WW_1-12_20250416_raw_swir,WW,28.982800073978176,40.25522470871093,30.761975217310894
SW_WW_1-12_20250417_raw_swir,WW,38.55903269323651,38.64730276635078,22.793664540412703
SW_WW_1-12_20250418_raw_swir,WW,32.1669188500438,36.723739746754795,31.1093414032014
SW_WW_1-12_20250419_raw_swir,WW,25.18702442931518,38.97316780136163,35.83980776932319
SW_WW_1-12_20250420_raw_swir,WW,22.69759137722967,38.618968110958654,38.683440511811675
SW_WW_1-12_20250421_raw_swir,WW,28.68600974941208,39.83397966017225,31.480010590415674
SW_WW_1-12_20250422_raw_swir,WW,16.2036853576382,38.23921801730401,45.55709662505779
SW_WW_1-12_20250423_raw_swir,WW,25.448254651699216,39.93541442411195,34.61633092418884
SW_WW_1-13_20250414_raw_swir,WW,24.03755012759752,59.96536638716734,15.997083485235144
SW_WW_1-13_20250415_raw_swir,WW,40.61840790496281,51.17501202768218,8.20658006735502
SW_WW_1-13_20250416_raw_swir,WW,32.11888948618794,54.21818370992075,13.662926803891306
SW_WW_1-13_20250417_raw_swir,WW,46.43346653539507,42.68643462481419,10.880098839790737
SW_WW_1-13_20250418_raw_swir,WW,42.38718396677324,46.98058476447902,10.632231268747734
SW_WW_1-13_20250419_raw_swir,WW,37.18130903619493,44.33503301847363,18.483657945331437
SW_WW_1-13_20250420_raw_swir,WW,25.896399706098457,57.60286554004409,16.500734753857458
SW_WW_1-13_20250421_raw_swir,WW,40.77363982834679,40.64910122137862,18.577258950274587
SW_WW_1-13_20250422_raw_swir,WW,22.07686945808815,54.84770380456807,23.075426737343776
SW_WW_1-13_20250423_raw_swir,WW,27.380093169739517,41.637687815760124,30.982219014500362
SW_WW_1-14_20250414_raw_swir,WW,31.402580218326165,47.45616936817731,21.141250413496525
SW_WW_1-14_20250415_raw_swir,WW,45.402579548126845,38.67332356505852,15.924096886814636
SW_WW_1-14_20250416_raw_swir,WW,41.197701070781015,41.32256850603811,17.479730423180868
SW_WW_1-14_20250417_raw_swir,WW,54.4325290437891,35.5638963360143,10.003574620196604
SW_WW_1-14_20250418_raw_swir,WW,34.771611367356044,49.136206583015095,16.09218204962886
SW_WW_1-14_20250419_raw_swir,WW,24.170077307867214,47.14074579354252,28.68917689859027
SW_WW_1-14_20250420_raw_swir,WW,36.171767059981896,40.675570518826724,23.15266242119138
SW_WW_1-14_20250421_raw_swir,WW,33.636228705245976,40.216369543348115,26.14740175140591
SW_WW_1-14_20250422_raw_swir,WW,28.03881749267521,39.9321003922055,32.02908211511929
SW_WW_1-14_20250423_raw_swir,WW,23.192360163710777,40.643841042115916,36.1637987941733
SW_WW_1-15_20250414_raw_swir,WW,22.33903237540924,51.838850491087676,25.82211713350309
SW_WW_1-15_20250415_raw_swir,WW,28.274300558149328,52.09393758556534,19.631761856285323
SW_WW_1-15_20250416_raw_swir,WW,27.3138538506573,50.219099827913496,22.467046321429205
SW_WW_1-15_20250417_raw_swir,WW,38.81095031800166,45.701908009954835,15.487141672043506
SW_WW_1-15_20250418_raw_swir,WW,26.95193738275438,49.01028527071609,24.03777734652953
SW_WW_1-15_20250419_raw_swir,WW,29.730694837077813,41.553340276744535,28.71596488617765
SW_WW_1-15_20250420_raw_swir,WW,22.659425487584112,49.1751204016805,28.16545411073539
SW_WW_1-15_20250421_raw_swir,WW,36.36844114279003,40.091611122529876,23.539947734680094
SW_WW_1-15_20250422_raw_swir,WW,21.84017223910841,48.32035207700101,29.839475683890576
SW_WW_1-15_20250423_raw_swir,WW,24.82199015012164,37.511125615617395,37.66688423426096
