sample,class,cluster_0,cluster_1,cluster_2
VN_DR_BS_2-10_20250419_raw_vnir,DR,43.865348294633925,41.710032218642375,14.424619486723698
VN_DR_BS_2-10_20250420_raw_vnir,DR,39.11717348456739,40.19151623258363,20.69131028284898
VN_DR_BS_2-10_20250421_raw_vnir,DR,37.279819641407094,42.57579754884998,20.14438280974293
VN_DR_BS_2-10_20250422_raw_vnir,DR,23.956170081895745,50.457037231968194,25.58679268613606
VN_DR_BS_2-10_20250423_raw_vnir,DR,22.404261227374853,43.73532678666094,33.860411985964205
VN_DR_BS_2-11_20250419_raw_vnir,DR,28.43178444388427,53.34705767022378,18.22115788589194
VN_DR_BS_2-11_20250420_raw_vnir,DR,34.81845024339638,46.48711196233341,18.69443779427021
VN_DR_BS_2-11_20250421_raw_vnir,DR,37.91607907830668,42.55001311383187,19.533907807861457
VN_DR_BS_2-11_20250422_raw_vnir,DR,36.57852428211895,38.75404475860338,24.667430959277674
VN_DR_BS_2-11_20250423_raw_vnir,DR,32.18246831855682,44.172083942704,23.645447738739183
VN_DR_BS_2-12_20250419_raw_vnir,DR,38.89496264639136,46.27664861104209,14.828388742566547
VN_DR_BS_2-12_20250420_raw_vnir,DR,29.511049013728062,46.72813428851997,23.76081669775197
VN_DR_BS_2-12_20250421_raw_vnir,DR,24.376867351532763,51.92772070560308,23.69541194286416
VN_DR_BS_2-12_20250422_raw_vnir,DR,17.990796894850114,54.16638090665935,27.842822198490534
VN_DR_BS_2-12_20250423_raw_vnir,DR,19.63181755735678,51.91085189024467,28.457330552398556
VN_DR_BS_2-13_20250419_raw_vnir,DR,36.20103771979044,45.351380999514554,18.447581280695008
VN_DR_BS_2-13_20250420_raw_vnir,DR,41.83044608204711,37.2624308059257,20.907123112027186
VN_DR_BS_2-13_20250421_raw_vnir,DR,35.385608500657355,45.2648513094703,19.349540189872346
VN_DR_BS_2-13_20250422_raw_vnir,DR,32.502099161347104,44.88293592583975,22.614964912813146
VN_DR_BS_2-13_20250423_raw_vnir,DR,37.97741932231077,41.50300325029999,20.51957742738924
VN_DR_BS_2-14_20250419_raw_vnir,DR,43.865348294633925,41.710032218642375,14.424619486723698
VN_DR_BS_2-14_20250420_raw_vnir,DR,32.25337382047504,47.317467661478766,20.429158518046197
VN_DR_BS_2-14_20250421_raw_vnir,DR,41.11367592522516,41.3320214939832,17.554302580791646
VN_DR_BS_2-14_20250422_raw_vnir,DR,36.6983709113555,44.08199227209036,19.219636816554146
VN_DR_BS_2-14_20250423_raw_vnir,DR,44.114874563489515,42.36633316908399,13.5187922674265
VN_DR_BS_2-15_20250419_raw_vnir,DR,28.43178444388427,53.34705767022378,18.22115788589194
VN_DR_BS_2-15_20250420_raw_vnir,DR,23.88853918584806,57.64248956839434,18.468971245757597
VN_DR_BS_2-15_20250421_raw_vnir,DR,31.960303332899176,53.488111260655,14.551585406445824
VN_DR_BS_2-15_20250422_raw_vnir,DR,29.965297602716873,47.76547704673701,22.26922535054612
VN_DR_BS_2-15_20250423_raw_vnir,DR,28.00682186620521,51.43293549525687,20.560242638537922
VN_DR_BS_2-16_20250419_raw_vnir,DR,38.89496264639136,46.27664861104209,14.828388742566547
VN_DR_BS_2-16_20250420_raw_vnir,DR,33.151174360056686,51.33679561009436,15.512030029848948
VN_DR_BS_2-16_20250421_raw_vnir,DR,39.06911243025474,46.894129810863326,14.036757758881938
VN_DR_BS_2-16_20250422_raw_vnir,DR,42.270590189647244,39.974270713813844,17.755139096538908
VN_DR_BS_2-16_20250423_raw_vnir,DR,31.040083311493948,50.97415136760507,17.985765320900978
VN_DR_BS_2-17_20250419_raw_vnir,DR,34.651291331309196,44.34857995199624,21.000128716694554
VN_DR_BS_2-17_20250420_raw_vnir,DR,26.353416324082975,54.40000288998548,19.24658078593155
VN_DR_BS_2-17_20250421_raw_vnir,DR,43.47914290180219,36.943486459431504,19.5773706387663
VN_DR_BS_2-17_20250422_raw_vnir,DR,34.37809703492171,46.79046241713711,18.831440547941185
VN_DR_BS_2-17_20250423_raw_vnir,DR,32.62138458292729,46.34799760227985,21.030617814792862
VN_DR_BS_2-18_20250419_raw_vnir,DR,30.550594736664756,46.37261178690568,23.076793476429557
VN_DR_BS_2-18_20250420_raw_vnir,DR,29.698580632558595,47.145044771641956,23.156374595799452
VN_DR_BS_2-18_20250421_raw_vnir,DR,31.94576967439579,49.06288679151291,18.9913435340913
VN_DR_BS_2-18_20250422_raw_vnir,DR,31.854632371632974,48.48052664071759,19.66484098764943
VN_DR_BS_2-18_20250423_raw_vnir,DR,31.263260211775872,47.74031459600151,20.996425192222613
VN_DR_BS_2-19_20250419_raw_vnir,DR,20.534856274275526,57.9159678603922,21.549175865332266
VN_DR_BS_2-19_20250420_raw_vnir,DR,28.780371050793075,52.528980257199784,18.69064869200714
VN_DR_BS_2-19_20250421_raw_vnir,DR,27.655174964859064,49.883110157579345,22.46171487756159
VN_DR_BS_2-19_20250422_raw_vnir,DR,28.78850323436128,50.72195244324189,20.48954432239683
VN_DR_BS_2-19_20250423_raw_vnir,DR,25.07903164002628,52.114010838624914,22.806957521348806
VN_DR_BS_2-1_20250419_raw_vnir,DR,41.98817880330063,45.711821538945955,12.299999657753427
VN_DR_BS_2-1_20250420_raw_vnir,DR,32.06866597992076,51.266012858725176,16.665321161354075
VN_DR_BS_2-1_20250421_raw_vnir,DR,38.80309264666843,44.42261746748075,16.77428988585081
VN_DR_BS_2-1_20250422_raw_vnir,DR,22.167728038281663,54.331986439501826,23.50028552221652
VN_DR_BS_2-1_20250423_raw_vnir,DR,32.59204830439435,52.235196396338836,15.172755299266807
VN_DR_BS_2-20_20250419_raw_vnir,DR,24.582915415601043,52.62957599760053,22.78750858679842
VN_DR_BS_2-20_20250420_raw_vnir,DR,14.643334976410111,55.062703650831246,30.293961372758645
VN_DR_BS_2-20_20250421_raw_vnir,DR,21.697785032411712,53.9910892877451,24.311125679843194
VN_DR_BS_2-20_20250422_raw_vnir,DR,19.508864900671206,56.70089155958714,23.790243539741656
VN_DR_BS_2-20_20250423_raw_vnir,DR,18.406499555218822,52.833915664076905,28.759584780704277
VN_DR_BS_2-2_20250419_raw_vnir,DR,29.952914658228764,49.580240585395984,20.46684475637525
VN_DR_BS_2-2_20250420_raw_vnir,DR,28.22382860069811,49.606000061058964,22.170171338242927
VN_DR_BS_2-2_20250421_raw_vnir,DR,24.381949486072372,51.86434093716964,23.753709576757988
VN_DR_BS_2-2_20250422_raw_vnir,DR,16.373948221649737,51.94454511912808,31.68150665922218
VN_DR_BS_2-2_20250423_raw_vnir,DR,24.72912622287676,50.4843691725081,24.786504604615132
VN_DR_BS_2-3_20250419_raw_vnir,DR,29.78486014784233,47.8786651104316,22.33647474172607
VN_DR_BS_2-3_20250420_raw_vnir,DR,25.118134357055798,49.58188584799286,25.299979794951344
VN_DR_BS_2-3_20250421_raw_vnir,DR,27.31052412232828,50.4832403897676,22.206235487904106
VN_DR_BS_2-3_20250422_raw_vnir,DR,16.225713170199054,46.91321971704911,36.86106711275183
VN_DR_BS_2-3_20250423_raw_vnir,DR,21.70788410130367,49.11093233330377,29.18118356539256
VN_DR_BS_2-4_20250419_raw_vnir,DR,17.10194656049629,62.6019823028653,20.296071136638414
VN_DR_BS_2-4_20250420_raw_vnir,DR,20.105048736553258,58.36433730071884,21.5306139627279
VN_DR_BS_2-4_20250421_raw_vnir,DR,24.02929901849532,57.760167138713314,18.210533842791364
VN_DR_BS_2-4_20250422_raw_vnir,DR,19.778311532344446,53.63627511441462,26.585413353240938
VN_DR_BS_2-4_20250423_raw_vnir,DR,20.998997449206207,47.58626378507341,31.41473876572038
VN_DR_BS_2-5_20250419_raw_vnir,DR,44.80813640057612,40.266010090037895,14.92585350938599
VN_DR_BS_2-5_20250420_raw_vnir,DR,46.918916240114974,36.427160546269356,16.65392321361567
VN_DR_BS_2-5_20250421_raw_vnir,DR,45.62225923785566,37.42631811537546,16.951422646768872
VN_DR_BS_2-5_20250422_raw_vnir,DR,32.88891369438462,42.17904606818301,24.932040237432368
VN_DR_BS_2-5_20250423_raw_vnir,DR,38.68424910377547,42.43606487466183,18.879686021562694
VN_DR_BS_2-6_20250419_raw_vnir,DR,35.63040913731588,47.140440054402525,17.22915080828159
VN_DR_BS_2-6_20250420_raw_vnir,DR,29.847930614029032,50.978520103373434,19.173549282597527
VN_DR_BS_2-6_20250421_raw_vnir,DR,40.078819921457615,44.35736785867921,15.563812219863173
VN_DR_BS_2-6_20250422_raw_vnir,DR,34.39423535752661,43.48988818818166,22.115876454291726
VN_DR_BS_2-6_20250423_raw_vnir,DR,41.13772088791014,40.485093172451236,18.377185939638625
VN_DR_BS_2-7_20250419_raw_vnir,DR,28.955483927171354,48.66538897116474,22.379127101663908
VN_DR_BS_2-7_20250420_raw_vnir,DR,34.33983912606101,49.85678098600938,15.803379887929605
VN_DR_BS_2-7_20250421_raw_vnir,DR,38.23448318712599,47.678351604397484,14.087165208476533
VN_DR_BS_2-7_20250422_raw_vnir,DR,28.06615609521939,49.45815423330642,22.475689671474182
VN_DR_BS_2-7_20250423_raw_vnir,DR,25.690317830070846,50.48670632804247,23.822975841886677
VN_DR_BS_2-8_20250419_raw_vnir,DR,38.44310542390457,48.10714487998919,13.449749696106238
VN_DR_BS_2-8_20250420_raw_vnir,DR,31.99768591853882,50.58678494194135,17.41552913951983
VN_DR_BS_2-8_20250421_raw_vnir,DR,36.02224832446625,47.42935120569336,16.548400469840395
VN_DR_BS_2-8_20250422_raw_vnir,DR,23.64741193441809,52.62529277637314,23.727295289208765
VN_DR_BS_2-8_20250423_raw_vnir,DR,29.477358013649358,44.68802862087068,25.834613365479964
VN_DR_BS_2-9_20250419_raw_vnir,DR,36.20103771979044,45.351380999514554,18.447581280695008
VN_DR_BS_2-9_20250420_raw_vnir,DR,34.871745179196836,47.86403466271681,17.264220158086353
VN_DR_BS_2-9_20250421_raw_vnir,DR,34.171312877225,48.574309970627255,17.254377152147736
VN_DR_BS_2-9_20250422_raw_vnir,DR,32.343850611719255,43.41854475209273,24.237604636188024
VN_DR_BS_2-9_20250423_raw_vnir,DR,24.04821548153476,49.40691733425928,26.544867184205955
VN_MD_BS_2-10_20250416_raw_vnir,MD,30.123943433029908,45.49089726918075,24.385159297789336
VN_MD_BS_2-10_20250417_raw_vnir,MD,51.30362039317748,37.34349584049821,11.352883766324302
VN_MD_BS_2-10_20250418_raw_vnir,MD,45.28535716862535,46.281040841704964,8.433601989669675
VN_MD_BS_2-10__20250414_corr_vnir,MD,74.58042524952019,22.09012514658251,3.329449603897303
VN_MD_BS_2-11_20250416_raw_vnir,MD,29.627656153824955,45.73867029241808,24.63367355375697
VN_MD_BS_2-11_20250417_raw_vnir,MD,28.947049231142437,51.06175568163951,19.991195087218053
VN_MD_BS_2-11_20250418_raw_vnir,MD,31.81154211783255,49.5096107027754,18.678847179392054
VN_MD_BS_2-11__20250414_corr_vnir,MD,76.84372299281634,20.555375236099,2.600901771084667
VN_MD_BS_2-12_20250416_raw_vnir,MD,18.58648207415413,54.16646053497832,27.24705739086754
VN_MD_BS_2-12_20250417_raw_vnir,MD,22.09740553210721,56.6566064329322,21.24598803496059
VN_MD_BS_2-12_20250418_raw_vnir,MD,18.8114175794276,55.23136986908129,25.957212551491104
VN_MD_BS_2-12__20250414_corr_vnir,MD,73.4974265904805,23.610146181003557,2.89242722851593
VN_MD_BS_2-13_20250416_raw_vnir,MD,40.79921252389877,36.440077990421564,22.760709485679673
VN_MD_BS_2-13_20250417_raw_vnir,MD,30.611468567950613,46.75644146885778,22.632089963191607
VN_MD_BS_2-13_20250418_raw_vnir,MD,30.961725882267142,47.706403771058056,21.3318703466748
VN_MD_BS_2-13__20250414_corr_vnir,MD,79.92885520038564,17.281204807260757,2.789939992353596
VN_MD_BS_2-13__20250415_raw_vnir,MD,30.002969284402457,46.102355998870934,23.894674716726602
VN_MD_BS_2-14_20250416_raw_vnir,MD,40.731590230013495,36.71939016214337,22.54901960784314
VN_MD_BS_2-14_20250417_raw_vnir,MD,43.60877481039663,38.73772744027075,17.65349774933262
VN_MD_BS_2-14_20250418_raw_vnir,MD,46.51647359711148,41.53904016849707,11.944486234391455
VN_MD_BS_2-14__20250414_corr_vnir,MD,81.59814010160815,16.29406842269272,2.107791475699125
VN_MD_BS_2-14__20250415_raw_vnir,MD,37.560044843382265,44.02855424638617,18.411400910231567
VN_MD_BS_2-15_20250416_raw_vnir,MD,34.32270393572568,43.3865139658038,22.290782098470522
VN_MD_BS_2-15_20250417_raw_vnir,MD,36.43049542089826,45.89197709451505,17.677527484586683
VN_MD_BS_2-15_20250418_raw_vnir,MD,38.48366242375737,46.54555554337379,14.970782032868843
VN_MD_BS_2-15__20250414_corr_vnir,MD,79.41238737364857,18.504271817487002,2.083340808864425
VN_MD_BS_2-15__20250415_raw_vnir,MD,38.971025185953295,38.93672602548507,22.092248788561626
VN_MD_BS_2-16_20250416_raw_vnir,MD,30.501075602240352,44.42188802108568,25.077036376673966
VN_MD_BS_2-16_20250417_raw_vnir,MD,35.07030565242527,48.883874456856205,16.045819890718533
VN_MD_BS_2-16_20250418_raw_vnir,MD,42.000261505173164,45.55841899033696,12.441319504489876
VN_MD_BS_2-16__20250414_corr_vnir,MD,81.15173800692975,16.722115216249346,2.1261467768209146
VN_MD_BS_2-16__20250415_raw_vnir,MD,33.502462442577496,41.45470347225096,25.042834085171545
VN_MD_BS_2-17_20250416_raw_vnir,MD,34.19011331339282,44.37052941638845,21.439357270218725
VN_MD_BS_2-17_20250417_raw_vnir,MD,36.3462238549113,44.658045406407204,18.995730738681495
VN_MD_BS_2-17_20250418_raw_vnir,MD,29.65387509405568,49.42479725775436,20.92132764818995
VN_MD_BS_2-17__20250414_corr_vnir,MD,84.55530057525623,13.835610066208737,1.6090893585350345
VN_MD_BS_2-17__20250415_raw_vnir,MD,28.51957291933512,46.41481345429763,25.06561362636725
VN_MD_BS_2-18_20250416_raw_vnir,MD,28.932189082723692,46.01065700619021,25.0571539110861
VN_MD_BS_2-18_20250417_raw_vnir,MD,39.60839695467046,41.46836984260134,18.923233202728195
VN_MD_BS_2-18_20250418_raw_vnir,MD,23.514622365043756,50.90159461589765,25.583783019058593
VN_MD_BS_2-18__20250414_corr_vnir,MD,82.41562725874307,16.1837203699242,1.400652371332728
VN_MD_BS_2-18__20250415_raw_vnir,MD,37.858830139555494,44.09352236172057,18.04764749872394
VN_MD_BS_2-19_20250416_raw_vnir,MD,21.053914183932086,52.489233114155574,26.456852701912343
VN_MD_BS_2-19_20250417_raw_vnir,MD,23.872589840497085,52.69121132534751,23.4361988341554
VN_MD_BS_2-19_20250418_raw_vnir,MD,31.983490868950966,50.720104969748306,17.296404161300735
VN_MD_BS_2-19__20250414_corr_vnir,MD,87.38203897826992,11.593171866496402,1.024789155233681
VN_MD_BS_2-19__20250415_raw_vnir,MD,28.80747647289126,48.218609979264244,22.973913547844496
VN_MD_BS_2-1_20250416_raw_vnir,MD,33.897020007156804,41.6086505178052,24.494329475037997
VN_MD_BS_2-1_20250417_raw_vnir,MD,35.9711583905882,40.975083880493244,23.053757728918555
VN_MD_BS_2-1_20250418_raw_vnir,MD,48.42614294865386,38.13840166772196,13.435455383624184
VN_MD_BS_2-1__20250414_corr_vnir,MD,82.60852912912077,15.222977395857995,2.168493475021239
VN_MD_BS_2-1__20250415_raw_vnir,MD,42.793403719623306,39.02474648416309,18.181849796213605
VN_MD_BS_2-20_20250416_raw_vnir,MD,28.56096082245688,50.02101520161575,21.418023975927365
VN_MD_BS_2-20_20250417_raw_vnir,MD,18.790284604291138,56.52684168702358,24.68287370868529
VN_MD_BS_2-20_20250418_raw_vnir,MD,23.369869457059288,53.08503343899991,23.5450971039408
VN_MD_BS_2-20__20250414_corr_vnir,MD,80.09190749767873,18.436992223769728,1.471100278551532
VN_MD_BS_2-20__20250415_raw_vnir,MD,25.809139048662466,47.90202075534861,26.28884019598892
VN_MD_BS_2-2_20250416_raw_vnir,MD,21.6379188972944,47.98445113680459,30.377629965901015
VN_MD_BS_2-2_20250417_raw_vnir,MD,24.145274299591698,51.99615950671588,23.858566193692422
VN_MD_BS_2-2_20250418_raw_vnir,MD,45.30839559619,42.7446919155329,11.9469124882771
VN_MD_BS_2-2__20250414_corr_vnir,MD,73.60016151346056,24.154536608614492,2.245301877924949
VN_MD_BS_2-2__20250415_raw_vnir,MD,26.89969707396388,48.74882776394708,24.35147516208904
VN_MD_BS_2-3_20250416_raw_vnir,MD,23.980724893198616,48.215738794331045,27.803536312470335
VN_MD_BS_2-3_20250417_raw_vnir,MD,21.446652763391967,53.83818631936348,24.71516091724455
VN_MD_BS_2-3_20250418_raw_vnir,MD,30.979259330883774,51.34322826016889,17.677512408947337
VN_MD_BS_2-3__20250414_corr_vnir,MD,81.25903175710305,17.176041710821924,1.564926532075021
VN_MD_BS_2-3__20250415_raw_vnir,MD,27.867015315651848,46.01063735169077,26.12234733265738
VN_MD_BS_2-4_20250416_raw_vnir,MD,21.10699709681491,52.44176098511942,26.451241918065666
VN_MD_BS_2-4_20250417_raw_vnir,MD,20.921000250652433,56.484157291774174,22.59484245757339
VN_MD_BS_2-4_20250418_raw_vnir,MD,34.130747551193366,52.36445337905753,13.504799069749108
VN_MD_BS_2-4__20250414_corr_vnir,MD,79.03296780051687,20.233289096877836,0.7337431026052944
VN_MD_BS_2-4__20250415_raw_vnir,MD,24.84157986111111,44.25202546296296,30.906394675925924
VN_MD_BS_2-5_20250416_raw_vnir,MD,43.188003902839824,37.67370204899091,19.13829404816926
VN_MD_BS_2-5_20250417_raw_vnir,MD,46.606625150872354,38.52628286611357,14.867091983014078
VN_MD_BS_2-5_20250418_raw_vnir,MD,48.42614294865386,38.13840166772196,13.435455383624184
VN_MD_BS_2-5__20250414_corr_vnir,MD,86.60620275500499,11.83403164552366,1.5597655994713644
VN_MD_BS_2-5__20250415_raw_vnir,MD,33.976808017528455,41.77127579633453,24.251916186137016
VN_MD_BS_2-6_20250416_raw_vnir,MD,27.29319011914782,43.65034014656031,29.056469734291866
VN_MD_BS_2-6_20250417_raw_vnir,MD,36.50261256445188,46.39414371691183,17.103243718636293
VN_MD_BS_2-6_20250418_raw_vnir,MD,45.30839559619,42.7446919155329,11.9469124882771
VN_MD_BS_2-6__20250414_corr_vnir,MD,74.58042524952019,22.09012514658251,3.329449603897303
VN_MD_BS_2-6__20250415_raw_vnir,MD,25.210856423275796,47.34804773068685,27.441095846037356
VN_MD_BS_2-7_20250416_raw_vnir,MD,28.068225589009437,46.298629389484496,25.633145021506067
VN_MD_BS_2-7_20250417_raw_vnir,MD,35.72521693195678,48.92097229019553,15.353810777847693
VN_MD_BS_2-7_20250418_raw_vnir,MD,30.979259330883774,51.34322826016889,17.677512408947337
VN_MD_BS_2-7__20250414_corr_vnir,MD,76.84372299281634,20.555375236099,2.600901771084667
VN_MD_BS_2-7__20250415_raw_vnir,MD,19.157116976900838,49.95376820507671,30.88911481802245
VN_MD_BS_2-8_20250416_raw_vnir,MD,28.41216890485559,45.03138352253056,26.556447572613855
VN_MD_BS_2-8_20250417_raw_vnir,MD,37.22871208186733,42.861479492937555,19.909808425195124
VN_MD_BS_2-8_20250418_raw_vnir,MD,34.130747551193366,52.36445337905753,13.504799069749108
VN_MD_BS_2-8__20250414_corr_vnir,MD,73.4974265904805,23.610146181003557,2.89242722851593
VN_MD_BS_2-8__20250415_raw_vnir,MD,21.725825304747453,50.60005662966378,27.674118065588765
VN_MD_BS_2-9_20250416_raw_vnir,MD,45.15357393866907,35.055054808202115,19.791371253128816
VN_MD_BS_2-9_20250417_raw_vnir,MD,30.776689684183506,44.68559165237727,24.53771866343922
VN_MD_BS_2-9_20250418_raw_vnir,MD,34.80447796889414,44.53901139991572,20.656510631190137
VN_MD_BS_2-9__20250414_corr_vnir,MD,86.60620275500499,11.83403164552366,1.5597655994713644
VN_MD_BS_3-10_20250416_raw_vnir,MD,33.63611448259661,41.75726174473287,24.60662377267052
VN_MD_BS_3-10_20250417_raw_vnir,MD,33.22292101384775,32.854717816268064,33.92236116988419
VN_MD_BS_3-10_20250418_raw_vnir,MD,40.26382529512988,43.034677492029026,16.701497212841097
VN_MD_BS_3-10__20250414_corr_vnir,MD,79.64056185110273,17.931903407072863,2.4275347418244086
VN_MD_BS_3-10__20250415_raw_vnir,MD,34.8547782332485,41.581411613855806,23.56381015289569
VN_MD_BS_3-11_20250416_raw_vnir,MD,40.09413959799847,36.75614168998954,23.149718712011985
VN_MD_BS_3-11_20250417_raw_vnir,MD,29.534548305216973,47.09392374522884,23.371527949554185
VN_MD_BS_3-11_20250418_raw_vnir,MD,30.45370608855847,46.781973990369714,22.764319921071817
VN_MD_BS_3-11__20250414_corr_vnir,MD,79.54373139450435,17.493355892704653,2.9629127127910038
VN_MD_BS_3-11__20250415_raw_vnir,MD,36.185385817450836,37.71306484966816,26.101549332881007
VN_MD_BS_3-12_20250416_raw_vnir,MD,33.147474865346815,40.99473785933346,25.857787275319723
VN_MD_BS_3-12_20250417_raw_vnir,MD,17.55189785459915,48.19732765858884,34.250774486812006
VN_MD_BS_3-12_20250418_raw_vnir,MD,41.52613887785783,46.07775004254837,12.396111079593805
VN_MD_BS_3-12__20250414_corr_vnir,MD,72.1477532050881,24.26772133151437,3.584525463397539
VN_MD_BS_3-12__20250415_raw_vnir,MD,28.515451134990784,45.65595790678451,25.828590958224705
VN_MD_BS_3-13_20250416_raw_vnir,MD,30.120261323021037,46.32807464697955,23.551664029999415
VN_MD_BS_3-13_20250417_raw_vnir,MD,28.497390195189904,46.11550274407129,25.3871070607388
VN_MD_BS_3-13_20250418_raw_vnir,MD,32.986566591001555,46.81921361515736,20.194219793841086
VN_MD_BS_3-13__20250414_corr_vnir,MD,82.98273155416013,14.773547880690737,2.2437205651491365
VN_MD_BS_3-13__20250415_raw_vnir,MD,31.068052403692203,47.008088880226104,21.923858716081696
VN_MD_BS_3-14_20250416_raw_vnir,MD,30.90580624398878,48.4726473503092,20.62154640570202
VN_MD_BS_3-14_20250417_raw_vnir,MD,17.9646750198172,44.883220853387755,37.152104126795045
VN_MD_BS_3-14_20250418_raw_vnir,MD,25.997532337128693,51.725326150186554,22.27714151268475
VN_MD_BS_3-14__20250414_corr_vnir,MD,80.92883196199847,17.692340317244888,1.3788277207566375
VN_MD_BS_3-14__20250415_raw_vnir,MD,35.065283559889906,45.38721622927065,19.54750021083945
VN_MD_BS_3-15_20250416_raw_vnir,MD,29.870322469391276,40.76082083117779,29.368856699430935
VN_MD_BS_3-15_20250417_raw_vnir,MD,21.213226045202475,50.49056246057817,28.29621149421935
VN_MD_BS_3-15_20250418_raw_vnir,MD,35.325037384371456,46.39193850176965,18.283024113858897
VN_MD_BS_3-15__20250414_corr_vnir,MD,78.9822579015675,19.80656993868368,1.2111721597488285
VN_MD_BS_3-15__20250415_raw_vnir,MD,26.43973673385438,43.18085407239819,30.37940919374743
VN_MD_BS_3-16_20250416_raw_vnir,MD,25.841834832414236,50.47351544828614,23.684649719299617
VN_MD_BS_3-16_20250417_raw_vnir,MD,18.0721781451658,47.694702307107576,34.23311954772662
VN_MD_BS_3-16_20250418_raw_vnir,MD,41.2105817216316,47.69140118349148,11.098017094876926
VN_MD_BS_3-16__20250414_corr_vnir,MD,78.21148509862516,20.339843025554714,1.448671875820127
VN_MD_BS_3-16__20250415_raw_vnir,MD,22.819625518485825,55.232117609380005,21.94825687213417
VN_MD_BS_3-17_20250416_raw_vnir,MD,30.433115686604356,48.377038726512346,21.189845586883298
VN_MD_BS_3-17_20250417_raw_vnir,MD,27.529816332148094,52.804790220469286,19.66539344738261
VN_MD_BS_3-17_20250418_raw_vnir,MD,25.609659499874297,53.256051824070916,21.134288676054787
VN_MD_BS_3-17__20250414_corr_vnir,MD,75.14561592067399,23.33235100370974,1.5220330756162672
VN_MD_BS_3-17__20250415_raw_vnir,MD,35.52614556030992,45.00495934297091,19.468895096719166
VN_MD_BS_3-18_20250416_raw_vnir,MD,30.935848556952756,48.98143568694189,20.082715756105348
VN_MD_BS_3-18_20250417_raw_vnir,MD,18.340884055047866,44.760135292383595,36.89898065256854
VN_MD_BS_3-18_20250418_raw_vnir,MD,30.34171416297251,49.45615341029031,20.20213242673718
VN_MD_BS_3-18__20250414_corr_vnir,MD,76.58899269010281,20.633018896539173,2.777988413358003
VN_MD_BS_3-18__20250415_raw_vnir,MD,41.89363236708339,42.5801105921143,15.526257040802308
VN_MD_BS_3-19_20250416_raw_vnir,MD,35.07710349339056,47.74752494994057,17.17537155666887
VN_MD_BS_3-19_20250417_raw_vnir,MD,38.773997479801345,43.75553201044705,17.4704705097516
VN_MD_BS_3-19_20250418_raw_vnir,MD,27.578980383211675,51.1614203163017,21.259599300486617
VN_MD_BS_3-19__20250414_corr_vnir,MD,81.39197760341598,16.775008203496558,1.833014193087464
VN_MD_BS_3-19__20250415_raw_vnir,MD,32.96538720274192,43.21713895695128,23.817473840306796
VN_MD_BS_3-1_20250416_raw_vnir,MD,25.543285248008658,46.52246706465306,27.93424768733828
VN_MD_BS_3-1_20250417_raw_vnir,MD,28.243814759991544,50.93007683090153,20.82610840910693
VN_MD_BS_3-1_20250418_raw_vnir,MD,23.23335542489251,52.14250035096196,24.62414422414553
VN_MD_BS_3-1__20250414_corr_vnir,MD,79.59767030859824,19.58414722275885,0.8181824686428976
VN_MD_BS_3-20_20250416_raw_vnir,MD,23.51406057977301,46.694860117111254,29.791079303115737
VN_MD_BS_3-20_20250417_raw_vnir,MD,12.640707764551149,41.572433351657665,45.78685888379119
VN_MD_BS_3-20_20250418_raw_vnir,MD,23.11684645232452,55.941461877343066,20.941691670332414
VN_MD_BS_3-20__20250414_corr_vnir,MD,78.27306383456116,20.08750607681089,1.6394300886279494
VN_MD_BS_3-20__20250415_raw_vnir,MD,24.85206198145437,47.26505307467057,27.882884943875062
VN_MD_BS_3-2_20250416_raw_vnir,MD,38.07492094555946,37.39643778352574,24.5286412709148
VN_MD_BS_3-2_20250417_raw_vnir,MD,19.49663935632635,42.943540294273745,37.5598203493999
VN_MD_BS_3-2_20250418_raw_vnir,MD,26.668715447923248,47.208310397114595,26.122974154962158
VN_MD_BS_3-2__20250414_corr_vnir,MD,75.30038618604877,21.075912945205953,3.623700868745277
VN_MD_BS_3-3_20250416_raw_vnir,MD,22.181116620690823,51.13032882600822,26.688554553300953
VN_MD_BS_3-3_20250417_raw_vnir,MD,15.607166468767577,45.70317767829831,38.68965585293411
VN_MD_BS_3-3_20250418_raw_vnir,MD,24.140634382631205,49.93794953228626,25.921416085082534
VN_MD_BS_3-3__20250414_corr_vnir,MD,73.93936758132007,23.71243868570736,2.3481937329725664
VN_MD_BS_3-4_20250416_raw_vnir,MD,21.224603070271534,50.15227203014767,28.623124899580795
VN_MD_BS_3-4_20250417_raw_vnir,MD,11.816031622602384,37.55508035251426,50.62888802488336
VN_MD_BS_3-4_20250418_raw_vnir,MD,18.68404717566729,65.46930641314646,15.846646411186253
VN_MD_BS_3-4__20250414_corr_vnir,MD,72.70543058586537,25.85403726708074,1.440532147053886
VN_MD_BS_3-5_20250416_raw_vnir,MD,44.20384606173815,30.43896831668942,25.35718562157243
VN_MD_BS_3-5_20250417_raw_vnir,MD,53.685774037607246,35.35007905084313,10.964146911549625
VN_MD_BS_3-5_20250418_raw_vnir,MD,47.438383614520134,35.73011607612821,16.831500309351654
VN_MD_BS_3-5__20250414_corr_vnir,MD,76.2533659223663,18.845436844939726,4.901197232693981
VN_MD_BS_3-5__20250415_raw_vnir,MD,40.99077221952404,32.696230432995854,26.312997347480106
VN_MD_BS_3-6_20250416_raw_vnir,MD,39.49046332734578,39.056136790577135,21.45339988207709
VN_MD_BS_3-6_20250417_raw_vnir,MD,18.431680995061278,55.140662154746664,26.42765685019206
VN_MD_BS_3-6_20250418_raw_vnir,MD,49.46829939418816,38.46221087116807,12.069489734643772
VN_MD_BS_3-6__20250414_corr_vnir,MD,71.66678023850085,23.87734241908007,4.455877342419081
VN_MD_BS_3-6__20250415_raw_vnir,MD,31.883385694505943,38.16040089681687,29.956213408677197
VN_MD_BS_3-7_20250416_raw_vnir,MD,27.16380843709098,45.43261252997132,27.403579032937692
VN_MD_BS_3-7_20250417_raw_vnir,MD,32.63408800498018,45.70705415943121,21.65885783558861
VN_MD_BS_3-7_20250418_raw_vnir,MD,45.43979384199504,40.66310692589897,13.897099232105989
VN_MD_BS_3-7__20250414_corr_vnir,MD,74.29319675233668,22.901755115819913,2.8050481318434
VN_MD_BS_3-7__20250415_raw_vnir,MD,21.94882997661204,50.06149241037742,27.989677613010542
VN_MD_BS_3-8_20250416_raw_vnir,MD,29.26621102842454,43.26258121538015,27.47120775619531
VN_MD_BS_3-8_20250417_raw_vnir,MD,13.441883946779457,41.2677842397548,45.290331813465734
VN_MD_BS_3-8_20250418_raw_vnir,MD,45.209152242083746,39.8192590496785,14.97158870823776
VN_MD_BS_3-8__20250414_corr_vnir,MD,81.40089793099118,16.582769074056632,2.0163329949521906
VN_MD_BS_3-8__20250415_raw_vnir,MD,23.512824005389508,49.33238599759239,27.154789997018103
VN_MD_BS_3-9_20250416_raw_vnir,MD,44.06320004909933,35.388728634117896,20.548071316782764
VN_MD_BS_3-9_20250417_raw_vnir,MD,40.092126318834815,41.25206809572458,18.655805585440607
VN_MD_BS_3-9_20250418_raw_vnir,MD,33.83780812172071,42.845189299313624,23.317002578965663
VN_MD_BS_3-9__20250414_corr_vnir,MD,79.27959886483211,17.900816300500622,2.819584834667262
VN_MD_BS_3-9__20250415_raw_vnir,MD,38.570281060618115,38.447804164214475,22.98191477516741
VN_SD_BS_3-10_20250419_raw_vnir,SD,44.06427628417233,43.985836679905645,11.949887035922025
VN_SD_BS_3-10_20250420_raw_vnir,SD,50.82576637663292,42.261314872329834,6.912918751037246
VN_SD_BS_3-10_20250421_raw_vnir,SD,61.965043953968646,33.11320812188926,4.921747924142091
VN_SD_BS_3-10_20250422_raw_vnir,SD,58.84058858187884,37.970111793827996,3.1892996242931586
VN_SD_BS_3-10_20250423_raw_vnir,SD,59.617600838135154,34.81927710843373,5.563122053431116
VN_SD_BS_3-11_20250419_raw_vnir,SD,45.20143383099512,43.34160317137988,11.456962997624997
VN_SD_BS_3-11_20250420_raw_vnir,SD,41.714304674686915,49.47906297697259,8.806632348340491
VN_SD_BS_3-11_20250421_raw_vnir,SD,61.59207270134688,33.38465274154134,5.023274557111785
VN_SD_BS_3-11_20250422_raw_vnir,SD,60.55987578958544,29.779314188651202,9.660810021763364
VN_SD_BS_3-11_20250423_raw_vnir,SD,59.440603002554035,34.950136762882046,5.609260234563916
VN_SD_BS_3-12_20250419_raw_vnir,SD,47.35019855535768,40.92673915688639,11.723062287755939
VN_SD_BS_3-12_20250420_raw_vnir,SD,52.13972963273119,41.49204450293097,6.368225864337839
VN_SD_BS_3-12_20250421_raw_vnir,SD,58.49053224499299,38.189373010293856,3.3200947447131464
VN_SD_BS_3-12_20250422_raw_vnir,SD,51.740079065045045,39.069509551892736,9.190411383062221
VN_SD_BS_3-12_20250423_raw_vnir,SD,59.61991920693626,34.5326371075352,5.847443685528537
VN_SD_BS_3-13_20250419_raw_vnir,SD,33.54164433883122,50.34092294956558,16.117432711603204
VN_SD_BS_3-13_20250420_raw_vnir,SD,33.07786623835444,51.63442757854869,15.28770618309687
VN_SD_BS_3-13_20250421_raw_vnir,SD,39.263985435996965,51.64896974276844,9.087044821234592
VN_SD_BS_3-13_20250422_raw_vnir,SD,39.53859646358819,49.69041954846943,10.77098398794238
VN_SD_BS_3-13_20250423_raw_vnir,SD,44.300818092694634,49.26346303370407,6.4357188736012985
VN_SD_BS_3-14_20250419_raw_vnir,SD,35.42408559922788,52.35006822644523,12.225846174326888
VN_SD_BS_3-14_20250420_raw_vnir,SD,40.188406500846035,48.35219016954344,11.459403329610526
VN_SD_BS_3-14_20250421_raw_vnir,SD,40.81315830844207,47.95187470523503,11.234966986322906
VN_SD_BS_3-14_20250422_raw_vnir,SD,52.10883468321629,42.38316955279334,5.507995763990368
VN_SD_BS_3-14_20250423_raw_vnir,SD,51.102922209529424,42.68636916387221,6.210708626598372
VN_SD_BS_3-15_20250419_raw_vnir,SD,32.67551873959476,54.66764120680554,12.656840053599709
VN_SD_BS_3-15_20250420_raw_vnir,SD,52.534558570802105,41.803327262455504,5.662114166742388
VN_SD_BS_3-15_20250421_raw_vnir,SD,39.35040651763803,48.617673083023085,12.031920399338887
VN_SD_BS_3-15_20250422_raw_vnir,SD,39.82708612916592,46.16169549595235,14.011218374881725
VN_SD_BS_3-15_20250423_raw_vnir,SD,47.760921344665185,43.3808802035403,8.858198451794511
VN_SD_BS_3-16_20250419_raw_vnir,SD,42.72021646163195,47.61009389940496,9.669689638963094
VN_SD_BS_3-16_20250420_raw_vnir,SD,48.23694436734208,43.62286371386653,8.140191918791388
VN_SD_BS_3-16_20250421_raw_vnir,SD,51.93828105075235,36.0602155733634,12.00150337588424
VN_SD_BS_3-16_20250422_raw_vnir,SD,54.984801474178255,37.417510591718774,7.5976879341029715
VN_SD_BS_3-16_20250423_raw_vnir,SD,60.30766021796944,33.802993168900244,5.8893466131303125
VN_SD_BS_3-17_20250419_raw_vnir,SD,28.584266043964888,51.002818262339964,20.412915693695144
VN_SD_BS_3-17_20250420_raw_vnir,SD,21.06118749707783,50.795728779666746,28.14308372325542
VN_SD_BS_3-17_20250421_raw_vnir,SD,22.510164052082356,51.32917664041887,26.16065930749877
VN_SD_BS_3-17_20250422_raw_vnir,SD,26.456879357483405,53.897158947484435,19.645961695032156
VN_SD_BS_3-17_20250423_raw_vnir,SD,32.32741925619891,53.85083207056122,13.821748673239878
VN_SD_BS_3-18_20250419_raw_vnir,SD,33.110106630401205,50.88645619915704,16.003437170441753
VN_SD_BS_3-18_20250420_raw_vnir,SD,34.53586007766088,48.687398360492516,16.776741561846602
VN_SD_BS_3-18_20250421_raw_vnir,SD,37.099284932402654,48.574485023385414,14.326230044211933
VN_SD_BS_3-18_20250422_raw_vnir,SD,53.27903785341073,39.23807332020695,7.482888826382318
VN_SD_BS_3-18_20250423_raw_vnir,SD,44.72169945436575,48.806509700916614,6.471790844717637
VN_SD_BS_3-19_20250419_raw_vnir,SD,29.203214671986505,48.597850330419845,22.198934997593653
VN_SD_BS_3-19_20250420_raw_vnir,SD,25.299462055534022,49.53248938765091,25.168048556815066
VN_SD_BS_3-19_20250421_raw_vnir,SD,24.855858432032345,53.385581188112226,21.758560379855428
VN_SD_BS_3-19_20250422_raw_vnir,SD,26.053455536707432,56.52834392485505,17.418200538437517
VN_SD_BS_3-19_20250423_raw_vnir,SD,34.264147267945845,50.07597155936495,15.6598811726892
VN_SD_BS_3-1_20250419_raw_vnir,SD,23.04100290317476,56.101349540303744,20.857647556521485
VN_SD_BS_3-1_20250420_raw_vnir,SD,32.815140029617254,50.14645538818833,17.038404582194417
VN_SD_BS_3-1_20250421_raw_vnir,SD,51.80449418553816,39.86814724140946,8.327358573052374
VN_SD_BS_3-1_20250422_raw_vnir,SD,55.516340531798726,40.532259476494794,3.9513999917064835
VN_SD_BS_3-1_20250423_raw_vnir,SD,49.5508212886317,46.095440745257804,4.353737966110492
VN_SD_BS_3-20_20250419_raw_vnir,SD,34.656917320297,46.27033090297252,19.07275177673048
VN_SD_BS_3-20_20250420_raw_vnir,SD,36.96282308793284,45.70519065545706,17.331986256610097
VN_SD_BS_3-20_20250421_raw_vnir,SD,30.990126440054482,49.87494516826609,19.13492839167943
VN_SD_BS_3-20_20250422_raw_vnir,SD,36.11391150029578,51.47721686676721,12.40887163293702
VN_SD_BS_3-20_20250423_raw_vnir,SD,46.8856559419242,46.396642859236536,6.717701198839265
VN_SD_BS_3-2_20250419_raw_vnir,SD,28.798077635106118,50.95451785370477,20.247404511189114
VN_SD_BS_3-2_20250420_raw_vnir,SD,47.96871184430344,37.157010570218105,14.87427758547845
VN_SD_BS_3-2_20250421_raw_vnir,SD,53.21723780912131,36.92737240524806,9.855389785630633
VN_SD_BS_3-2_20250422_raw_vnir,SD,52.3226888684404,37.2783748442515,10.398936287308095
VN_SD_BS_3-2_20250423_raw_vnir,SD,63.00741446441885,32.48954104879463,4.503044486786513
VN_SD_BS_3-3_20250419_raw_vnir,SD,26.789690761574658,59.116627616521114,14.093681621904228
VN_SD_BS_3-3_20250420_raw_vnir,SD,40.76438754094569,49.40490565909377,9.830706799960542
VN_SD_BS_3-3_20250421_raw_vnir,SD,43.49234292158629,48.356839796177994,8.150817282235716
VN_SD_BS_3-3_20250422_raw_vnir,SD,47.9634674740091,45.63112928286601,6.405403243124887
VN_SD_BS_3-3_20250423_raw_vnir,SD,51.15484050167724,41.39852146229943,7.446638036023331
VN_SD_BS_3-4_20250419_raw_vnir,SD,22.637998177731028,52.50491625653888,24.857085565730085
VN_SD_BS_3-4_20250420_raw_vnir,SD,24.969494887538907,54.96564504446895,20.064860067992143
VN_SD_BS_3-4_20250421_raw_vnir,SD,42.103567279726626,47.812741132677026,10.083691587596347
VN_SD_BS_3-4_20250422_raw_vnir,SD,34.69056344571013,58.70380884694335,6.605627707346512
VN_SD_BS_3-4_20250423_raw_vnir,SD,44.79771876670825,45.38014614150775,9.822135091783995
VN_SD_BS_3-5_20250419_raw_vnir,SD,51.61254205298543,39.461828418487855,8.92562952852672
VN_SD_BS_3-5_20250420_raw_vnir,SD,56.619116355286614,38.609756974587896,4.7711266701254935
VN_SD_BS_3-5_20250421_raw_vnir,SD,70.66000746214924,25.313050251683894,4.026942286166877
VN_SD_BS_3-5_20250422_raw_vnir,SD,70.41888918408917,20.8347809500453,8.746329865865539
VN_SD_BS_3-5_20250423_raw_vnir,SD,66.53497834361465,30.484315526972043,2.980706129413309
VN_SD_BS_3-6_20250419_raw_vnir,SD,63.7019602985352,32.2623434806396,4.035696220825204
VN_SD_BS_3-6_20250420_raw_vnir,SD,52.137555242843725,43.86382948113314,3.9986152760231444
VN_SD_BS_3-6_20250421_raw_vnir,SD,74.55237757903126,20.633135570707516,4.814486850261224
VN_SD_BS_3-6_20250422_raw_vnir,SD,64.66841371788658,26.920746485700437,8.41083979641299
VN_SD_BS_3-6_20250423_raw_vnir,SD,63.70306833120449,27.24484182850537,9.052089840290144
VN_SD_BS_3-7_20250419_raw_vnir,SD,50.25072494966507,43.18294057312178,6.566334477213154
VN_SD_BS_3-7_20250420_raw_vnir,SD,59.829017648688975,35.53236478765769,4.6386175636533435
VN_SD_BS_3-7_20250421_raw_vnir,SD,55.370339345879636,40.96815025781352,3.661510396306845
VN_SD_BS_3-7_20250422_raw_vnir,SD,54.54631592661463,38.127583470526226,7.32610060285914
VN_SD_BS_3-7_20250423_raw_vnir,SD,68.07372895457364,27.65289606244422,4.273374982982135
VN_SD_BS_3-8_20250419_raw_vnir,SD,30.824039098444295,50.667752734563805,18.508208166991892
VN_SD_BS_3-8_20250420_raw_vnir,SD,42.622557925580026,44.66589870657997,12.711543367839997
VN_SD_BS_3-8_20250421_raw_vnir,SD,50.23976922791527,39.449226431195044,10.311004340889697
VN_SD_BS_3-8_20250422_raw_vnir,SD,55.96605383831522,39.61924677309783,4.414699388586957
VN_SD_BS_3-8_20250423_raw_vnir,SD,50.08810892507112,43.517229089805106,6.394661985123781
VN_SD_BS_3-9_20250419_raw_vnir,SD,46.00847728726807,41.952975047984644,12.03854766474728
VN_SD_BS_3-9_20250420_raw_vnir,SD,49.14832020467246,41.486568370026255,9.365111425301285
VN_SD_BS_3-9_20250421_raw_vnir,SD,62.9251850352469,32.84474640710395,4.23006855764915
VN_SD_BS_3-9_20250422_raw_vnir,SD,55.1485661829407,39.34637538467393,5.505058432385383
VN_SD_BS_3-9_20250423_raw_vnir,SD,56.055007761428975,35.33089923260238,8.614093005968648
VN_WW_BS_1-10_20250416_raw_vnir,WW,31.03430919621639,42.15576655509497,26.809924248688645
VN_WW_BS_1-10_20250417_raw_vnir,WW,23.114231297337998,50.96526806674302,25.92050063591898
VN_WW_BS_1-10_20250418_raw_vnir,WW,25.381498540750375,54.41946421768793,20.199037241561697
VN_WW_BS_1-10_20250419_raw_vnir,WW,25.67905627813462,53.72702524776257,20.593918474102807
VN_WW_BS_1-10_20250420_raw_vnir,WW,15.705121924134643,49.014612605903835,35.28026546996153
VN_WW_BS_1-10_20250421_raw_vnir,WW,18.9579510847977,48.66079028505495,32.38125863014735
VN_WW_BS_1-10_20250422_raw_vnir,WW,26.091752037687876,43.889117375806975,30.01913058650515
VN_WW_BS_1-10_20250423_raw_vnir,WW,9.826851658333467,58.77911930676356,31.394029034902974
VN_WW_BS_1-10__20250414_corr_vnir,WW,82.04707575290368,17.025388015212254,0.927536231884058
VN_WW_BS_1-10__20250415_raw_vnir,WW,25.381805221420294,48.66933974873028,25.948855029849415
VN_WW_BS_1-11_20250416_raw_vnir,WW,16.274238887036066,49.87660202963457,33.84915908332936
VN_WW_BS_1-11_20250417_raw_vnir,WW,25.647484877427573,46.534941101560015,27.817574021012415
VN_WW_BS_1-11_20250418_raw_vnir,WW,22.865293626495962,52.25647091566936,24.87823545783468
VN_WW_BS_1-11_20250419_raw_vnir,WW,8.596083432119322,50.63094070055,40.77297586733067
VN_WW_BS_1-11_20250420_raw_vnir,WW,16.35855092367729,48.77284070544493,34.86860837087779
VN_WW_BS_1-11_20250421_raw_vnir,WW,32.703855498249254,37.78888956643698,29.50725493531377
VN_WW_BS_1-11_20250422_raw_vnir,WW,15.019236970044172,62.27706871777534,22.70369431218049
VN_WW_BS_1-11_20250423_raw_vnir,WW,15.020226811924603,49.2007903169999,35.7789828710755
VN_WW_BS_1-11__20250414_corr_vnir,WW,75.46182702392838,23.048042609350244,1.4901303667213668
VN_WW_BS_1-11__20250415_raw_vnir,WW,28.133818379628057,43.53211165131064,28.3340699690613
VN_WW_BS_1-12_20250416_raw_vnir,WW,26.777318651553976,40.9031448863855,32.319536462060526
VN_WW_BS_1-12_20250417_raw_vnir,WW,37.669167894948416,41.038791370762425,21.29204073428916
VN_WW_BS_1-12_20250418_raw_vnir,WW,24.58458262112254,48.28649087903158,27.128926499845885
VN_WW_BS_1-12_20250419_raw_vnir,WW,16.622975212417103,49.257458147205604,34.11956664037729
VN_WW_BS_1-12_20250420_raw_vnir,WW,23.116840379954308,45.150266740075566,31.73289287997013
VN_WW_BS_1-12_20250421_raw_vnir,WW,26.007102502017755,51.27586763518966,22.717029862792575
VN_WW_BS_1-12_20250422_raw_vnir,WW,13.451591640494746,67.02764530262495,19.52076305688031
VN_WW_BS_1-12_20250423_raw_vnir,WW,13.717434310484897,55.729576870841115,30.55298881867399
VN_WW_BS_1-12__20250414_corr_vnir,WW,77.60997287086198,19.543964182880348,2.846062946257677
VN_WW_BS_1-12__20250415_raw_vnir,WW,23.89861567709656,44.02791980947544,32.073464513428
VN_WW_BS_1-13_20250416_raw_vnir,WW,34.53403097646846,41.358664644243746,24.107304379287793
VN_WW_BS_1-13_20250417_raw_vnir,WW,26.10232279981893,47.06815567285609,26.829521527324978
VN_WW_BS_1-13_20250418_raw_vnir,WW,24.09881425686676,55.93744977885227,19.963735964280975
VN_WW_BS_1-13_20250419_raw_vnir,WW,34.2373440886452,48.69493763545808,17.067718275896716
VN_WW_BS_1-13_20250420_raw_vnir,WW,24.812693729383877,55.03737837524242,20.1499278953737
VN_WW_BS_1-13_20250421_raw_vnir,WW,24.67986775441752,54.26005524101534,21.060077004567145
VN_WW_BS_1-13_20250422_raw_vnir,WW,24.320013835112363,55.18224237707727,20.497743787810368
VN_WW_BS_1-13_20250423_raw_vnir,WW,22.413679596680584,47.60832279413039,29.97799760918903
VN_WW_BS_1-13__20250414_corr_vnir,WW,83.3855600169985,14.412578886121999,2.2018610968795054
VN_WW_BS_1-13__20250415_raw_vnir,WW,33.63141077216616,44.055309073354636,22.313280154479205
VN_WW_BS_1-14_20250416_raw_vnir,WW,20.691319631237242,52.325769913852184,26.982910454910574
VN_WW_BS_1-14_20250417_raw_vnir,WW,36.84044877916188,43.076075721648195,20.083475499189923
VN_WW_BS_1-14_20250418_raw_vnir,WW,25.766469587123662,52.72249289699852,21.511037515877817
VN_WW_BS_1-14_20250419_raw_vnir,WW,25.99278538458555,49.41041852527055,24.596796090143904
VN_WW_BS_1-14_20250420_raw_vnir,WW,32.45504740747896,44.69116723813203,22.853785354389014
VN_WW_BS_1-14_20250421_raw_vnir,WW,31.925935584822014,44.42332768287912,23.650736732298867
VN_WW_BS_1-14_20250422_raw_vnir,WW,32.7107177948323,43.67249117030034,23.616791034867354
VN_WW_BS_1-14_20250423_raw_vnir,WW,46.204103879224505,43.14313964579323,10.652756474982269
VN_WW_BS_1-14__20250414_corr_vnir,WW,78.07505751398448,18.871173379375886,3.053769106639631
VN_WW_BS_1-14__20250415_raw_vnir,WW,30.949025406433627,50.62880730694884,18.422167286617533
VN_WW_BS_1-15_20250416_raw_vnir,WW,31.16455540199125,42.87305122494432,25.96239337306443
VN_WW_BS_1-15_20250417_raw_vnir,WW,22.909073765824967,54.09119096576259,22.999735268412444
